   0.0000000000000000        1.8139641828779787     
   2.9000000000000005E-002   1.8105675490049919     
   5.8000000000000010E-002   1.8063477800506866     
   8.7000000000000022E-002   1.8012486050321257     
  0.11600000000000002        1.7952140766696605     
  0.14500000000000002        1.7881892730460569     
  0.17400000000000004        1.7801210205178388     
  0.20300000000000004        1.7709586273355260     
  0.23200000000000004        1.7606546182641218     
  0.26100000000000007        1.7491654612999452     
  0.29000000000000004        1.7364522783553358     
  0.31900000000000006        1.7224815325290803     
  0.34800000000000009        1.7072256852982692     
  0.37700000000000006        1.6906638176569679     
  0.40600000000000008        1.6727822098891076     
  0.43500000000000005        1.6535748752977464     
  0.46400000000000008        1.6330440438207914     
  0.49300000000000010        1.6112005920447887     
  0.52200000000000013        1.5880644166840141     
  0.55100000000000005        1.5636647491221127     
  0.58000000000000007        1.5380404091185580     
  0.60900000000000010        1.5112399962624774     
  0.63800000000000012        1.4833220182125266     
  0.66700000000000015        1.4543549551937849     
  0.69600000000000017        1.4244172606316059     
  0.72500000000000009        1.3935972981883968     
  0.75400000000000011        1.3619932158328436     
  0.78300000000000014        1.3297127579126096     
  0.81200000000000017        1.2968730165213853     
  0.84100000000000019        1.2636001237498795     
  0.87000000000000011        1.2300288866882751     
  0.89900000000000013        1.1963023673052713     
  0.92800000000000016        1.1625714095665913     
  0.95700000000000018        1.1289941163740991     
  0.98600000000000021        1.0957352791059256     
   1.0150000000000001        1.0629657627186935     
   1.0440000000000003        1.0308618495354414     
   1.0730000000000002       0.99960454498765772     
   1.1020000000000001       0.96937884870736246     
   1.1310000000000002       0.94037299447582667     
   1.1600000000000001       0.91277766262979998     
   1.1890000000000003       0.88678516860435186     
   1.2180000000000002       0.86258863135418573     
   1.2470000000000001       0.84038112544285248     
   1.2760000000000002       0.82035482062224063     
   1.3050000000000002       0.80270011274336051     
   1.3340000000000003       0.78760474984431450     
   1.3630000000000002       0.77525295725280408     
   1.3920000000000003       0.76582456551904121     
   1.4210000000000003       0.75949414496095591     
   1.4500000000000002       0.75643015055749052     
   1.4790000000000003       0.75679408086806477     
   1.5080000000000002       0.76073965458735349     
   1.5370000000000004       0.76841200826478429     
   1.5660000000000003       0.77994691862810828     
   1.5950000000000002       0.79547005285042005     
   1.6240000000000003       0.81509624999050179     
   1.6530000000000002       0.83892883671791330     
   1.6820000000000004       0.86705898030706474     
   1.7110000000000003       0.89956508174926775     
   1.7400000000000002       0.93651221168863996     
   1.7690000000000003       0.97795159173742174     
   1.7980000000000003        1.0239201235690427     
   1.8270000000000004        1.0744399680234833     
   1.8560000000000003        1.1295181762899233     
   1.8850000000000002        1.1891463750562343     
   1.9140000000000004        1.2533005073346053     
   1.9430000000000003        1.3219406304872687     
   1.9720000000000004        1.3950107727871159     
   2.0010000000000003        1.4724388496544549     
   2.0300000000000002        1.5541366405147483     
   2.0590000000000002        1.6399998270223457     
   2.0880000000000005        1.7299080931931474     
   2.1170000000000004        1.8237252877846699     
   2.1460000000000004        1.9212996490563261     
   2.1750000000000003        2.0224640918350287     
   2.2040000000000002        2.1270365566037537     
   2.2330000000000005        2.2348204201217081     
   2.2620000000000005        2.3456049668770085     
   2.2910000000000004        2.4591659204642626     
   2.3200000000000003        2.5752660337731923     
   2.3490000000000002        2.6936557366681861     
   2.3780000000000006        2.8140738396355127     
   2.4070000000000005        2.9362482916727561     
   2.4360000000000004        3.0598969904967812     
   2.4650000000000003        3.1847286429500867     
   2.4940000000000002        3.3104436732934532     
   2.5230000000000006        3.4367351768849126     
   2.5520000000000005        3.5632899165596474     
   2.5810000000000004        3.6897893588485231     
   2.6100000000000003        3.8159107469969813     
   2.6390000000000002        3.9413282075792271     
   2.6680000000000006        4.0657138873403049     
   2.6970000000000005        4.1887391167425285     
   2.7260000000000004        4.3100755965456887     
   2.7550000000000003        4.4293966036075627     
   2.7840000000000007        4.5463782119597385     
   2.8130000000000006        4.6607005250883038     
   2.8420000000000005        4.7720489152316734     
   2.8710000000000004        4.8801152654031252     
   2.9000000000000004        4.9845992097460066     
   2.9290000000000007        5.0852093677436123     
   2.9580000000000006        5.1816645677279300     
   2.9870000000000005        5.2736950550663764     
   3.0160000000000005        5.3610436803501820     
   3.0450000000000004        5.4434670628643289     
   3.0740000000000007        5.5207367245916181     
   3.1030000000000006        5.5926401899812070     
   3.1320000000000006        5.6589820467090135     
   3.1610000000000005        5.7195849626658628     
   3.1900000000000004        5.7742906544314607     
   3.2190000000000007        5.8229608025290815     
   3.2480000000000007        5.8654779088062767     
   3.2770000000000006        5.9017460913562658     
   3.3060000000000005        5.9316918124735807     
   3.3350000000000004        5.9552645352408931     
   3.3640000000000008        5.9724373044535781     
   3.3930000000000007        5.9832072477237688     
   3.4220000000000006        5.9875959927564324     
   3.4510000000000005        5.9856499969530290     
   3.4800000000000004        5.9774407856882590     
   3.5090000000000008        5.9630650958057174     
   3.5380000000000007        5.9426449211063357     
   3.5670000000000006        5.9163274568417989     
   3.5960000000000005        5.8842849404887687     
   3.6250000000000004        5.8467143863679922     
   3.6540000000000008        5.8038372119703894     
   3.6830000000000007        5.7558987541813451     
   3.7120000000000006        5.7031676739395323     
   3.7410000000000005        5.6459352482396241     
   3.7700000000000005        5.5845145487757293     
   3.7990000000000008        5.5192395069415454     
   3.8280000000000007        5.4504638653377810     
   3.8570000000000007        5.3785600164033838     
   3.8860000000000006        5.3039177292758666     
   3.9150000000000005        5.2269427664859620     
   3.9440000000000008        5.1480553926464268     
   3.9730000000000008        5.0676887778393507     
   4.0020000000000007        4.9862872990117353     
   4.0310000000000006        4.9043047432867866     
   4.0600000000000005        4.8222024177589446     
   4.0890000000000004        4.7404471709868972     
   4.1180000000000003        4.6595093321234344     
   4.1470000000000011        4.5798605743250960     
   4.1760000000000010        4.5019717098412002     
   4.2050000000000010        4.4263104249736216     
   4.2340000000000009        4.3533389639234201     
   4.2630000000000008        4.2835117713206046     
   4.2920000000000007        4.2172731042139731     
   4.3210000000000006        4.1550546250806519     
   4.3500000000000005        4.0972729884647379     
   4.3790000000000004        4.0443274347144325     
   4.4080000000000004        3.9965974053807258     
   4.4370000000000012        3.9544401957939499     
   4.4660000000000011        3.9181886614724135     
   4.4950000000000010        3.8881489960424460     
   4.5240000000000009        3.8645985995234469     
   4.5530000000000008        3.8477840570203625     
   4.5820000000000007        3.8379192489958314     
   4.6110000000000007        3.8351836155898127     
   4.6400000000000006        3.8397205987166672     
   4.6690000000000005        3.8516362869509067     
   4.6980000000000004        3.8709982895838948     
   4.7270000000000012        3.8978348676141650     
   4.7560000000000011        3.9321343508199789     
   4.7850000000000010        3.9738448715670529     
   4.8140000000000009        4.0228744474597988     
   4.8430000000000009        4.0790914465274000     
   4.8720000000000008        4.1423254700762300     
   4.9010000000000007        4.2123686902100417     
   4.9300000000000006        4.2889776803303903     
   4.9590000000000005        4.3718757789470146     
   4.9880000000000004        4.4607560286340231     
   5.0170000000000012        4.5552847338608444     
   5.0460000000000012        4.6551056831413007     
   5.0750000000000011        4.7598450829896137     
   5.1040000000000010        4.8691172528165225     
   5.1330000000000009        4.9825311320496439     
   5.1620000000000008        5.0996976526234903     
   5.1910000000000007        5.2202380321764394     
   5.2200000000000006        5.3437930450609201     
   5.2490000000000006        5.4700333307946494     
   5.2780000000000005        5.5986708014006581     
   5.3070000000000013        5.7294712114780850     
   5.3360000000000012        5.8622679570471519     
   5.3650000000000011        5.9969771715486786     
   5.3940000000000010        6.1336141896863410     
   5.4230000000000009        6.2723114521568277     
   5.4520000000000008        6.4133379269424040     
   5.4810000000000008        6.5571201250641025     
   5.5100000000000007        6.7042647914877307     
   5.5390000000000006        6.8555833542432083     
   5.5680000000000014        7.0121182177799710     
   5.5970000000000013        7.1751709886793833     
   5.6260000000000012        7.3463327254412434     
   5.6550000000000011        7.5275163059777697     
   5.6840000000000011        7.7209910098772525     
   5.7130000000000010        7.9294194152662385     
   5.7420000000000009        8.1558967127693904     
   5.7710000000000008        8.4039925424640387     
   5.8000000000000007        8.6777954626613791     
