   0.0000000000000000        2.2369178294870578     
   2.9000000000000005E-002   2.5530110246311151     
   5.8000000000000010E-002   2.7796148374668190     
   8.7000000000000022E-002   2.9310932801430143     
  0.11600000000000002        3.0201117169029170     
  0.14500000000000002        3.0577888583317625     
  0.17400000000000004        3.0538385893846369     
  0.20300000000000004        3.0167021275545616     
  0.23200000000000004        2.9536709906737033     
  0.26100000000000007        2.8710012373330307     
  0.29000000000000004        2.7740194267544296     
  0.31900000000000006        2.6672207291503285     
  0.34800000000000009        2.5543596021557260     
  0.37700000000000006        2.4385334338126072     
  0.40600000000000008        2.3222595378231974     
  0.43500000000000005        2.2075458723628487     
  0.46400000000000008        2.0959558396519098     
  0.49300000000000010        1.9886675097249811     
  0.52200000000000013        1.8865275984019194     
  0.55100000000000005        1.7901005163540715     
  0.58000000000000007        1.6997127933680416     
  0.60900000000000010        1.6154931694337866     
  0.63800000000000012        1.5374086321209799     
  0.66700000000000015        1.4652966678528758     
  0.69600000000000017        1.3988939831374940     
  0.72500000000000009        1.3378619405676968     
  0.75400000000000011        1.2818089434512803     
  0.78300000000000014        1.2303099922751985     
  0.81200000000000017        1.1829236258424647     
  0.84100000000000019        1.1392064498400380     
  0.87000000000000011        1.0987254457998767     
  0.89900000000000013        1.0610682438982360     
  0.92800000000000016        1.0258515337964047     
  0.95700000000000018       0.99272777875723095     
  0.98600000000000021       0.96139038957085976     
   1.0150000000000001       0.93157750638605918     
   1.0440000000000003       0.90307452836992397     
   1.0730000000000002       0.87571552319972312     
   1.1020000000000001       0.84938364072758421     
   1.1310000000000002       0.82401064774537136     
   1.1600000000000001       0.79957569360828151     
   1.1890000000000003       0.77610340955443324     
   1.2180000000000002       0.75366143786877948     
   1.2470000000000001       0.73235748059311501     
   1.2760000000000002       0.71233595126539673     
   1.3050000000000002       0.69377430718021593     
   1.3340000000000003       0.67687913390120580     
   1.3630000000000002       0.66188204820796825     
   1.3920000000000003       0.64903548033625458     
   1.4210000000000003       0.63860839125512414     
   1.4500000000000002       0.63088197582509953     
   1.4790000000000003       0.62614539797718438     
   1.5080000000000002       0.62469159956787923     
   1.5370000000000004       0.62681322026293640     
   1.5660000000000003       0.63279866170499499     
   1.5950000000000002       0.64292832531304089     
   1.6240000000000003       0.65747104933933498     
   1.6530000000000002       0.67668076727664284     
   1.6820000000000004       0.70079340635084142     
   1.7110000000000003       0.73002404165490575     
   1.7400000000000002       0.76456431848259376     
   1.7690000000000003       0.80458015257640947     
   1.7980000000000003       0.85020971533996248     
   1.8270000000000004       0.90156170856123774     
   1.8560000000000003       0.95871393084131529     
   1.8850000000000002        1.0217121357310150     
   1.9140000000000004        1.0905691795439423     
   1.9430000000000003        1.1652644549097757     
   1.9720000000000004        1.2457436043906718     
   2.0010000000000003        1.3319185068845782     
   2.0300000000000002        1.4236675280397062     
   2.0590000000000002        1.5208360245962180     
   2.0880000000000005        1.6232370913489582     
   2.1170000000000004        1.7306525383447413     
   2.1460000000000004        1.8428340849602893     
   2.1750000000000003        1.9595047566762664     
   2.2040000000000002        2.0803604696380349     
   2.2330000000000005        2.2050717874585937     
   2.2620000000000005        2.3332858342281995     
   2.2910000000000004        2.4646283473013870     
   2.3200000000000003        2.5987058530957903     
   2.3490000000000002        2.7351079489494854     
   2.3780000000000006        2.8734096740052628     
   2.4070000000000005        3.0131739519648786     
   2.4360000000000004        3.1539540887512629     
   2.4650000000000003        3.2952963081554074     
   2.4940000000000002        3.4367423087990261     
   2.5230000000000006        3.5778318260714776     
   2.5520000000000005        3.7181051830109126     
   2.5810000000000004        3.8571058145908950     
   2.6100000000000003        3.9943827503249665     
   2.6390000000000002        4.1294930407021013     
   2.6680000000000006        4.2620041135425311     
   2.6970000000000005        4.3914960470639244     
   2.7260000000000004        4.5175637471431074     
   2.7550000000000003        4.6398190170641342     
   2.7840000000000007        4.7578925087435238     
   2.8130000000000006        4.8714355454224574     
   2.8420000000000005        4.9801218065827868     
   2.8710000000000004        5.0836488667208215     
   2.9000000000000004        5.1817395807125877     
   2.9290000000000007        5.2741433092870977     
   2.9580000000000006        5.3606369791851733     
   2.9870000000000005        5.4410259735920761     
   3.0160000000000005        5.5151448494273723     
   3.0450000000000004        5.5828578790124084     
   3.0740000000000007        5.6440594148441221     
   3.1030000000000006        5.6986740769732194     
   3.1320000000000006        5.7466567638303161     
   3.1610000000000005        5.7879924879448481     
   3.1900000000000004        5.8226960395040805     
   3.2190000000000007        5.8508114812265148     
   3.2480000000000007        5.8724114792944988     
   3.2770000000000006        5.8875964759839690     
   3.3060000000000005        5.8964937105251352     
   3.3350000000000004        5.8992560955962290     
   3.3640000000000008        5.8960609578925869     
   3.3930000000000007        5.8871086518586253     
   3.4220000000000006        5.8726210566030659     
   3.4510000000000005        5.8528399667195572     
   3.4800000000000004        5.8280253884955755     
   3.5090000000000008        5.7984537535821801     
   3.5380000000000007        5.7644160628429972     
   3.5670000000000006        5.7262159737655338     
   3.5960000000000005        5.6841678450588233     
   3.6250000000000004        5.6385947528187899     
   3.6540000000000008        5.5898264927113814     
   3.6830000000000007        5.5381975829830026     
   3.7120000000000006        5.4840452836913300     
   3.7410000000000005        5.4277076467981260     
   3.7700000000000005        5.3695216130602148     
   3.7990000000000008        5.3098211705976155     
   3.8280000000000007        5.2489355899720067     
   3.8570000000000007        5.1871877515675351     
   3.8860000000000006        5.1248925787417647     
   3.9150000000000005        5.0623555919698902     
   3.9440000000000008        4.9998715969086334     
   3.9730000000000008        4.9377235198417111     
   4.0020000000000007        4.8761814025178865     
   4.0310000000000006        4.8155015682477824     
   4.0600000000000005        4.7559259692297928     
   4.0890000000000004        4.6976817251329521     
   4.1180000000000003        4.6409808602043086     
   4.1470000000000011        4.5860202469993965     
   4.1760000000000010        4.5329817608762824     
   4.2050000000000010        4.4820326496128473     
   4.2340000000000009        4.4333261200908964     
   4.2630000000000008        4.3870021420143530     
   4.2920000000000007        4.3431884666151745     
   4.3210000000000006        4.3020018562683617     
   4.3500000000000005        4.2635495187923880     
   4.3790000000000004        4.2279307361523024     
   4.4080000000000004        4.1952386777966240     
   4.4370000000000012        4.1655623823307906     
   4.4660000000000011        4.1389888904895997     
   4.4950000000000010        4.1156055088722496     
   4.5240000000000009        4.0955021803019918     
   4.5530000000000008        4.0787739320076071     
   4.5820000000000007        4.0655233722009143     
   4.6110000000000007        4.0558631975818571     
   4.6400000000000006        4.0499186734195973     
   4.6690000000000005        4.0478300427475915     
   4.6980000000000004        4.0497548150106013     
   4.7270000000000012        4.0558698828790511     
   4.7560000000000011        4.0663734072913940     
   4.7850000000000010        4.0814864099065744     
   4.8140000000000009        4.1014540026571922     
   4.8430000000000009        4.1265461812326976     
   4.8720000000000008        4.1570581036357908     
   4.9010000000000007        4.1933097655492020     
   4.9300000000000006        4.2356449839207926     
   4.9590000000000005        4.2844295865834283     
   4.9880000000000004        4.3400487066683127     
   5.0170000000000012        4.4029030661113211     
   5.0460000000000012        4.4734041317751689     
   5.0750000000000011        4.5519680153010995     
   5.1040000000000010        4.6390079839839018     
   5.1330000000000009        4.7349254392647708     
   5.1620000000000008        4.8400992133392720     
   5.1910000000000007        4.9548730229653302     
   5.2200000000000006        5.0795409152560751     
   5.2490000000000006        5.2143305272402358     
   5.2780000000000005        5.3593839727691375     
   5.3070000000000013        5.5147361643248587     
   5.3360000000000012        5.6802903581992723     
   5.3650000000000011        5.8557907162103220     
   5.3940000000000010        6.0407916495460086     
   5.4230000000000009        6.2346237160381861     
   5.4520000000000008        6.4363558153636404     
   5.4810000000000008        6.6447534319449915     
   5.5100000000000007        6.8582326480900520     
   5.5390000000000006        7.0748096497191000     
   5.5680000000000014        7.2920454272680217     
   5.5970000000000013        7.5069853697496001     
   5.6260000000000012        7.7160934238345362     
   5.6550000000000011        7.9151804961875314     
   5.6840000000000011        8.0993267412122805     
   5.7130000000000010        8.2627973844646476     
   5.7420000000000009        8.3989516999135958     
   5.7710000000000008        8.5001447590184398     
   5.8000000000000007        8.5576215380569920     
