   0.0000000000000000       0.10111390891625037     
   2.9000000000000005E-002  0.10208011659515323     
   5.8000000000000010E-002  0.10307815982432710     
   8.7000000000000022E-002  0.10411139287005090     
  0.11600000000000002       0.10518393451167535     
  0.14500000000000002       0.10630081092832526     
  0.17400000000000004       0.10746810410534256     
  0.20300000000000004       0.10869310316312521     
  0.23200000000000004       0.10998445619913845     
  0.26100000000000007       0.11135232041618470     
  0.29000000000000004       0.11280850848658169     
  0.31900000000000006       0.11436662927278966     
  0.34800000000000009       0.11604222119030908     
  0.37700000000000006       0.11785287665841351     
  0.40600000000000008       0.11981835623855534     
  0.43500000000000005       0.12196069120915247     
  0.46400000000000008       0.12430427346900047     
  0.49300000000000010       0.12687593179982656     
  0.52200000000000013       0.12970499365157617     
  0.55100000000000005       0.13282333174196892     
  0.58000000000000007       0.13626539488474732     
  0.60900000000000010       0.14006822257893348     
  0.63800000000000012       0.14427144300438444     
  0.66700000000000015       0.14891725417704685     
  0.69600000000000017       0.15405038812064628     
  0.72500000000000009       0.15971805801015443     
  0.75400000000000011       0.16596988833634033     
  0.78300000000000014       0.17285782823009105     
  0.81200000000000017       0.18043604817005574     
  0.84100000000000019       0.18876082037758729     
  0.87000000000000011       0.19789038327900427     
  0.89900000000000013       0.20788479048693412     
  0.92800000000000016       0.21880574481999543     
  0.95700000000000018       0.23071641794340925     
  0.98600000000000021       0.24368125627235154     
   1.0150000000000001       0.25776577383505189     
   1.0440000000000003       0.27303633284386875     
   1.0730000000000002       0.28955991276989984     
   1.1020000000000001       0.30740386876018538     
   1.1310000000000002       0.32663568027630008     
   1.1600000000000001       0.34732269086917605     
   1.1890000000000003       0.36953184003742195     
   1.2180000000000002       0.39332938814526852     
   1.2470000000000001       0.41878063540165533     
   1.2760000000000002       0.44594963592392795     
   1.3050000000000002       0.47489890792823020     
   1.3340000000000003       0.50568914110400698     
   1.3630000000000002       0.53837890224214358     
   1.3920000000000003       0.57302434019524084     
   1.4210000000000003       0.60967889125441865     
   1.4500000000000002       0.64839298602993078     
   1.4790000000000003       0.68921375892280778     
   1.5080000000000002       0.73218476127183096     
   1.5370000000000004       0.77734567925440978     
   1.5660000000000003       0.82473205761145807     
   1.5950000000000002       0.87437503025525909     
   1.6240000000000003       0.92630105880555402     
   1.6530000000000002       0.98053168008285030     
   1.6820000000000004        1.0370832635692269     
   1.7110000000000003        1.0959667798257844     
   1.7400000000000002        1.1571875808324790     
   1.7690000000000003        1.2207451931903579     
   1.7980000000000003        1.2866331250983671     
   1.8270000000000004        1.3548386879868755     
   1.8560000000000003        1.4253428336580234     
   1.8850000000000002        1.4981200077489776     
   1.9140000000000004        1.5731380202982153     
   1.9430000000000003        1.6503579341571719     
   1.9720000000000004        1.7297339719500406     
   2.0010000000000003        1.8112134422431923     
   2.0300000000000002        1.8947366855428223     
   2.0590000000000002        1.9802370406948637     
   2.0880000000000005        2.0676408322153241     
   2.1170000000000004        2.1568673790316417     
   2.1460000000000004        2.2478290250669994     
   2.1750000000000003        2.3404311920493015     
   2.2040000000000002        2.4345724548753327     
   2.2330000000000005        2.5301446398080172     
   2.2620000000000005        2.6270329457311976     
   2.2910000000000004        2.7251160886317045     
   2.3200000000000003        2.8242664694229291     
   2.3490000000000002        2.9243503651677218     
   2.3780000000000006        3.0252281437010855     
   2.4070000000000005        3.1267545015951348     
   2.4360000000000004        3.2287787253502205     
   2.4650000000000003        3.3311449756365161     
   2.4940000000000002        3.4336925943508665     
   2.5230000000000006        3.5362564341930383     
   2.5520000000000005        3.6386672104049005     
   2.5810000000000004        3.7407518742550985     
   2.6100000000000003        3.8423340077901100     
   2.6390000000000002        3.9432342393112814     
   2.6680000000000006        4.0432706789756496     
   2.6970000000000005        4.1422593738565974     
   2.7260000000000004        4.2400147817384894     
   2.7550000000000003        4.3363502628579438     
   2.7840000000000007        4.4310785887427722     
   2.8130000000000006        4.5240124672381903     
   2.8420000000000005        4.6149650827487143     
   2.8710000000000004        4.7037506506639133     
   2.9000000000000004        4.7901849848751556     
   2.9290000000000007        4.8740860772312260     
   2.9580000000000006        4.9552746877211096     
   2.9870000000000005        5.0335749441135933     
   3.0160000000000005        5.1088149497254065     
   3.0450000000000004        5.1808273979322479     
   3.0740000000000007        5.2494501919807632     
   3.1030000000000006        5.3145270686041837     
   3.1320000000000006        5.3759082238889162     
   3.1610000000000005        5.4334509397872548     
   3.1900000000000004        5.4870202096173788     
   3.2190000000000007        5.5364893608419230     
   3.2480000000000007        5.5817406733649921     
   3.2770000000000006        5.6226659915403241     
   3.3060000000000005        5.6591673280338322     
   3.3350000000000004        5.6911574576405242     
   3.3640000000000008        5.7185604991083725     
   3.3930000000000007        5.7413124829813551     
   3.4220000000000006        5.7593619034309285     
   3.4510000000000005        5.7726702520069679     
   3.4800000000000004        5.7812125312004703     
   3.5090000000000008        5.7849777456747340     
   3.5380000000000007        5.7839693689885561     
   3.5670000000000006        5.7782057836014644     
   3.5960000000000005        5.7677206919220936     
   3.6250000000000004        5.7525634961335577     
   3.6540000000000008        5.7327996445024283     
   3.6830000000000007        5.7085109418553373     
   3.7120000000000006        5.6797958218879181     
   3.7410000000000005        5.6467695789476728     
   3.7700000000000005        5.6095645569220984     
   3.7990000000000008        5.5683302928446352     
   3.8280000000000007        5.5232336128228106     
   3.8570000000000007        5.4744586778830353     
   3.8860000000000006        5.4222069773230288     
   3.9150000000000005        5.3666972671573347     
   3.9440000000000008        5.3081654512429424     
   3.9730000000000008        5.2468644026746603     
   4.0020000000000007        5.1830637230464163     
   4.0310000000000006        5.1170494371833826     
   4.0600000000000005        5.0491236209604935     
   4.0890000000000004        4.9796039598410360     
   4.1180000000000003        4.9088232357871604     
   4.1470000000000011        4.8371287402136289     
   4.1760000000000010        4.7648816106839149     
   4.2050000000000010        4.6924560890786324     
   4.2340000000000009        4.6202386989924520     
   4.2630000000000008        4.5486273401602091     
   4.2920000000000007        4.4780302977437429     
   4.3210000000000006        4.4088651643643573     
   4.3500000000000005        4.3415576728046119     
   4.3790000000000004        4.2765404373581219     
   4.4080000000000004        4.2142516018647456     
   4.4370000000000012        4.1551333925182519     
   4.4660000000000011        4.0996305736121315     
   4.4950000000000010        4.0481888044366485     
   4.5240000000000009        4.0012528956339963     
   4.5530000000000008        3.9592649633800931     
   4.5820000000000007        3.9226624798395164     
   4.6110000000000007        3.8918762184430307     
   4.6400000000000006        3.8673280926101370     
   4.6690000000000005        3.8494288866318698     
   4.6980000000000004        3.8385758775461341     
   4.7270000000000012        3.8351503469202726     
   4.7560000000000011        3.8395149815763716     
   4.7850000000000010        3.8520111624069386     
   4.8140000000000009        3.8729561405345407     
   4.8430000000000009        3.9026401002234934     
   4.8720000000000008        3.9413231080208107     
   4.9010000000000007        3.9892319478202580     
   4.9300000000000006        4.0465568415925190     
   4.9590000000000005        4.1134480557494157     
   4.9880000000000004        4.1900123931814051     
   5.0170000000000012        4.2763095712410859     
   5.0460000000000012        4.3723484860358326     
   5.0750000000000011        4.4780833636041848     
   5.1040000000000010        4.5934097987044424     
   5.1330000000000009        4.7181606821104651     
   5.1620000000000008        4.8521020175163585     
   5.1910000000000007        4.9949286293302748     
   5.2200000000000006        5.1462597628031972     
   5.2490000000000006        5.3056345782032395     
   5.2780000000000005        5.4725075408789507     
   5.3070000000000013        5.6462437093167637     
   5.3360000000000012        5.8261139235049768     
   5.3650000000000011        6.0112898961252768     
   5.3940000000000010        6.2008392093467819     
   5.4230000000000009        6.3937202202131402     
   5.4520000000000008        6.5887768778827649     
   5.4810000000000008        6.7847334561947719     
   5.5100000000000007        6.9801892053458232     
   5.5390000000000006        7.1736129266398621     
   5.5680000000000014        7.3633374746830214     
   5.5970000000000013        7.5475541914647692     
   5.6260000000000012        7.7243072772973846     
   5.6550000000000011        7.8914881036612314     
   5.6840000000000011        8.0468294734296251     
   5.7130000000000010        8.1878998342053819     
   5.7420000000000009        8.3120974508167365     
   5.7710000000000008        8.4166445433295394     
   5.8000000000000007        8.4985813973214590     
