   0.0000000000000000        1.6896760097910555E-003
   2.9000000000000005E-002   1.7376564773355532E-003
   5.8000000000000010E-002   1.7908030397769002E-003
   8.7000000000000022E-002   1.8500698101620347E-003
  0.11600000000000002        1.9166262302994367E-003
  0.14500000000000002        1.9919023255643800E-003
  0.17400000000000004        2.0776400502923180E-003
  0.20300000000000004        2.1759507003310465E-003
  0.23200000000000004        2.2893782740092063E-003
  0.26100000000000007        2.4209685743693580E-003
  0.29000000000000004        2.5743437638552145E-003
  0.31900000000000006        2.7537820075819752E-003
  0.34800000000000009        2.9643017727027650E-003
  0.37700000000000006        3.2117502890604108E-003
  0.40600000000000008        3.5028956201288769E-003
  0.43500000000000005        3.8455217430499633E-003
  0.46400000000000008        4.2485259922053062E-003
  0.49300000000000010        4.7220181820782662E-003
  0.52200000000000013        5.2774206920023119E-003
  0.55100000000000005        5.9275687676086175E-003
  0.58000000000000007        6.6868102712233932E-003
  0.60900000000000010        7.5711040959714308E-003
  0.63800000000000012        8.5981164457641611E-003
  0.66700000000000015        9.7873141755346199E-003
  0.69600000000000017        1.1160054382875749E-002
  0.72500000000000009        1.2739669443488906E-002
  0.75400000000000011        1.4551546688404126E-002
  0.78300000000000014        1.6623201930638563E-002
  0.81200000000000017        1.8984346062663079E-002
  0.84100000000000019        2.1666943963594705E-002
  0.87000000000000011        2.4705264976273150E-002
  0.89900000000000013        2.8135924239158575E-002
  0.92800000000000016        3.1997914186153296E-002
  0.95700000000000018        3.6332625558848829E-002
  0.98600000000000021        4.1183857310178380E-002
   1.0150000000000001        4.6597814815861269E-002
   1.0440000000000003        5.2623095850206643E-002
   1.0730000000000002        5.9310663825644955E-002
   1.1020000000000001        6.6713807840628470E-002
   1.1310000000000002        7.4888089128125390E-002
   1.1600000000000001        8.3891273546683728E-002
   1.1890000000000003        9.3783249807798577E-002
   1.2180000000000002       0.10462593318693084     
   1.2470000000000001       0.11648315452084763     
   1.2760000000000002       0.12942053435082110     
   1.3050000000000002       0.14350534212949287     
   1.3340000000000003       0.15880634046872533     
   1.3630000000000002       0.17539361446636229     
   1.3920000000000003       0.19333838621137159     
   1.4210000000000003       0.21271281462916625     
   1.4500000000000002       0.23358978089187291     
   1.4790000000000003       0.25604265968175172     
   1.5080000000000002       0.28014507665974886     
   1.5370000000000004       0.30597065255511169     
   1.5660000000000003       0.33359273435595327     
   1.5950000000000002       0.36308411414450509     
   1.6240000000000003       0.39451673618433269     
   1.6530000000000002       0.42796139292991447     
   1.6820000000000004       0.46348741069150828     
   1.7110000000000003       0.50116232574999986     
   1.7400000000000002       0.54105155177733133     
   1.7690000000000003       0.58321803947792528     
   1.7980000000000003       0.62772192942516802     
   1.8270000000000004       0.67462019912428761     
   1.8560000000000003       0.72396630538873641     
   1.8850000000000002       0.77580982317129843     
   1.9140000000000004       0.83019608204343620     
   1.9430000000000003       0.88716580156672642     
   1.9720000000000004       0.94675472684844664     
   2.0010000000000003        1.0089932656192946     
   2.0300000000000002        1.0739061282147717     
   2.0590000000000002        1.1415119718826510     
   2.0880000000000005        1.2118230508771932     
   2.1170000000000004        1.2848448738360665     
   2.1460000000000004        1.3605758699682218     
   2.1750000000000003        1.4390070656100586     
   2.2040000000000002        1.5201217727329699     
   2.2330000000000005        1.6038952910076041     
   2.2620000000000005        1.6902946250487789     
   2.2910000000000004        1.7792782184798130     
   2.3200000000000003        1.8707957064658418     
   2.3490000000000002        1.9647876883724469     
   2.3780000000000006        2.0611855222084303     
   2.4070000000000005        2.1599111425095741     
   2.4360000000000004        2.2608769033137812     
   2.4650000000000003        2.3639854478667282     
   2.4940000000000002        2.4691296066810868     
   2.5230000000000006        2.5761923255512587     
   2.5520000000000005        2.6850466250992353     
   2.5810000000000004        2.7955555933956209     
   2.6100000000000003        2.9075724131627085     
   2.6390000000000002        3.0209404250237046     
   2.6680000000000006        3.1354932282137744     
   2.6970000000000005        3.2510548201139757     
   2.7260000000000004        3.3674397759086685     
   2.7550000000000003        3.4844534696000431     
   2.7840000000000007        3.6018923375403120     
   2.8130000000000006        3.7195441855622260     
   2.8420000000000005        3.8371885407021629     
   2.8710000000000004        3.9545970484165274     
   2.9000000000000004        4.0715339160921182     
   2.9290000000000007        4.1877564035432373     
   2.9580000000000006        4.3030153610737703     
   2.9870000000000005        4.4170558155598716     
   3.0160000000000005        4.5296176048792942     
   3.0450000000000004        4.6404360608751816     
   3.0740000000000007        4.7492427408969755     
   3.1030000000000006        4.8557662078069761     
   3.1320000000000006        4.9597328581793985     
   3.1610000000000005        5.0608677982480934     
   3.1900000000000004        5.1588957669805549     
   3.2190000000000007        5.2535421054678455     
   3.2480000000000007        5.3445337716237908     
   3.2770000000000006        5.4316003989814927     
   3.3060000000000005        5.5144753981604264     
   3.3350000000000004        5.5928970993531770     
   3.3640000000000008        5.6666099339480134     
   3.3930000000000007        5.7353656531605139     
   3.4220000000000006        5.7989245812938570     
   3.4510000000000005        5.8570569009858175     
   3.4800000000000004        5.9095439675268757     
   3.5090000000000008        5.9561796490516592     
   3.5380000000000007        5.9967716891116893     
   3.5670000000000006        6.0311430878339749     
   3.5960000000000005        6.0591334975561253     
   3.6250000000000004        6.0806006285014718     
   3.6540000000000008        6.0954216597230655     
   3.6830000000000007        6.1034946501972271     
   3.7120000000000006        6.1047399445878128     
   3.7410000000000005        6.0991015678330953     
   3.7700000000000005        6.0865486023250597     
   3.7990000000000008        6.0670765410562026     
   3.8280000000000007        6.0407086097054474     
   3.8570000000000007        6.0074970502148943     
   3.8860000000000006        5.9675243579810200     
   3.9150000000000005        5.9209044643403672     
   3.9440000000000008        5.8677838555766328     
   3.9730000000000008        5.8083426192075507     
   4.0020000000000007        5.7427954078293482     
   4.0310000000000006        5.6713923103049666     
   4.0600000000000005        5.5944196195744951     
   4.0890000000000004        5.5122004858470746     
   4.1180000000000003        5.4250954434014602     
   4.1470000000000011        5.3335027986727255     
   4.1760000000000010        5.2378588667478709     
   4.2050000000000010        5.1386380428116070     
   4.2340000000000009        5.0363526945015167     
   4.2630000000000008        4.9315528605266366     
   4.2920000000000007        4.8248257402852346     
   4.3210000000000006        4.7167949585899009     
   4.3500000000000005        4.6081195889557023     
   4.3790000000000004        4.4994929182588521     
   4.4080000000000004        4.3916409348774437     
   4.4370000000000012        4.2853205217576829     
   4.4660000000000011        4.1813173351235378     
   4.4950000000000010        4.0804433488394238     
   4.5240000000000009        3.9835340436902129     
   4.5530000000000008        3.8914452200934875     
   4.5820000000000007        3.8050494119910923     
   4.6110000000000007        3.7252318788786738     
   4.6400000000000006        3.6528861521319413     
   4.6690000000000005        3.5889091109746118     
   4.6980000000000004        3.5341955625957553     
   4.7270000000000012        3.4896323000697294     
   4.7560000000000011        3.4560916108773654     
   4.7850000000000010        3.4344242079230298     
   4.8140000000000009        3.4254515540678767     
   4.8430000000000009        3.4299575502445805     
   4.8720000000000008        3.4486795563266242     
   4.9010000000000007        3.4822987129300600     
   4.9300000000000006        3.5314295313778530     
   4.9590000000000005        3.5966087180677278     
   4.9880000000000004        3.6782831984686482     
   5.0170000000000012        3.7767973049435568     
   5.0460000000000012        3.8923790915650898     
   5.0750000000000011        4.0251257380184597     
   5.1040000000000010        4.1749880036045397     
   5.1330000000000009        4.3417536912656942     
   5.1620000000000008        4.5250300804261769     
   5.1910000000000007        4.7242252863088652     
   5.2200000000000006        4.9385285022326570     
   5.2490000000000006        5.1668890802156966     
   5.2780000000000005        5.4079944040167902     
   5.3070000000000013        5.6602465075256987     
   5.3360000000000012        5.9217373901935844     
   5.3650000000000011        6.1902229799034103     
   5.3940000000000010        6.4630956924597740     
   5.4230000000000009        6.7373555355316057     
   5.4520000000000008        7.0095797035733085     
   5.4810000000000008        7.2758906089657103     
   5.5100000000000007        7.5319222931552758     
   5.5390000000000006        7.7727851603140152     
   5.5680000000000014        7.9930289745420851     
   5.5970000000000013        8.1866040602753856     
   5.6260000000000012        8.3468206440747963     
   5.6550000000000011        8.4663062745794377     
   5.6840000000000011        8.5369612557965411     
   5.7130000000000010        8.5499120275417226     
   5.7420000000000009        8.4954624252050053     
   5.7710000000000008        8.3630427495090771     
   5.8000000000000007        8.1411565753351169     
