   0.0000000000000000        2.5432522867471112     
   2.9000000000000005E-002   2.5459301170214923     
   5.8000000000000010E-002   2.5450617282805275     
   8.7000000000000022E-002   2.5405796156404317     
  0.11600000000000002        2.5324299326368167     
  0.14500000000000002        2.5205739793775566     
  0.17400000000000004        2.5049894191023165     
  0.20300000000000004        2.4856712410699680     
  0.23200000000000004        2.4626324870462732     
  0.26100000000000007        2.4359047580284625     
  0.29000000000000004        2.4055385172203150     
  0.31900000000000006        2.3716032046612416     
  0.34800000000000009        2.3341871783153016     
  0.37700000000000006        2.2933974958410865     
  0.40600000000000008        2.2493595506908641     
  0.43500000000000005        2.2022165756270615     
  0.46400000000000008        2.1521290261961261     
  0.49300000000000010        2.0992738561637796     
  0.52200000000000013        2.0438436963916686     
  0.55100000000000005        1.9860459481231845     
  0.58000000000000007        1.9261018011458453     
  0.60900000000000010        1.8642451868087380     
  0.63800000000000012        1.8007216753962203     
  0.66700000000000015        1.7357873268931743     
  0.69600000000000017        1.6697075037224181     
  0.72500000000000009        1.6027556535914254     
  0.75400000000000011        1.5352120701530512     
  0.78300000000000014        1.4673626387634806     
  0.81200000000000017        1.3994975742099192     
  0.84100000000000019        1.3319101568806144     
  0.87000000000000011        1.2648954734603828     
  0.89900000000000013        1.1987491678559588     
  0.92800000000000016        1.1337662076869444     
  0.95700000000000018        1.0702396713198639     
  0.98600000000000021        1.0084595600746891     
   1.0150000000000001       0.94871163989510277     
   1.0440000000000003       0.89127631644555472     
   1.0730000000000002       0.83642754727975266     
   1.1020000000000001       0.78443179441652833     
   1.1310000000000002       0.73554702035983821     
   1.1600000000000001       0.69002173030996050     
   1.1890000000000003       0.64809406303259132     
   1.2180000000000002       0.60999093258140336     
   1.2470000000000001       0.57592722280758513     
   1.2760000000000002       0.54610503633685836     
   1.3050000000000002       0.52071299945033800     
   1.3340000000000003       0.49992562407017355     
   1.3630000000000002       0.48390272782422361     
   1.3920000000000003       0.47278891294582326     
   1.4210000000000003       0.46671310455491238     
   1.4500000000000002       0.46578814866539198     
   1.4790000000000003       0.47011047007027634     
   1.5080000000000002       0.47975979007110253     
   1.5370000000000004       0.49479890384075859     
   1.5660000000000003       0.51527351703972724     
   1.5950000000000002       0.54121214114389293     
   1.6240000000000003       0.57262604678836770     
   1.6530000000000002       0.60950927428506785     
   1.6820000000000004       0.65183870033295066     
   1.7110000000000003       0.69957415980782767     
   1.7400000000000002       0.75265862139426298     
   1.7690000000000003       0.81101841570436972     
   1.7980000000000003       0.87456351441775604     
   1.8270000000000004       0.94318785887321477     
   1.8560000000000003        1.0167697364454598     
   1.8850000000000002        1.0951722029498969     
   1.9140000000000004        1.1782435492345966     
   1.9430000000000003        1.2658178100405444     
   1.9720000000000004        1.3577153131404860     
   2.0010000000000003        1.4537432667011649     
   2.0300000000000002        1.5536963827544821     
   2.0590000000000002        1.6573575346101055     
   2.0880000000000005        1.7644984459946027     
   2.1170000000000004        1.8748804096600158     
   2.1460000000000004        1.9882550331692477     
   2.1750000000000003        2.1043650095340931     
   2.2040000000000002        2.2229449103573375     
   2.2330000000000005        2.3437219991091154     
   2.2620000000000005        2.4664170621535653     
   2.2910000000000004        2.5907452551313761     
   2.3200000000000003        2.7164169622986476     
   2.3490000000000002        2.8431386664220590     
   2.3780000000000006        2.9706138268353266     
   2.4070000000000005        3.0985437632692885     
   2.4360000000000004        3.2266285430830868     
   2.4650000000000003        3.3545678695397929     
   2.4940000000000002        3.4820619687926895     
   2.5230000000000006        3.6088124732740638     
   2.5520000000000005        3.7345232992079174     
   2.5810000000000004        3.8589015160018012     
   2.6100000000000003        3.9816582053109464     
   2.6390000000000002        4.1025093076083117     
   2.6680000000000006        4.2211764541391261     
   2.6970000000000005        4.3373877821859717     
   2.7260000000000004        4.4508787316231162     
   2.7550000000000003        4.5613928207923085     
   2.7840000000000007        4.6686823997881532     
   2.8130000000000006        4.7725093793062827     
   2.8420000000000005        4.8726459332653862     
   2.8710000000000004        4.9688751734850687     
   2.9000000000000004        5.0609917947655090     
   2.9290000000000007        5.1488026887910445     
   2.9580000000000006        5.2321275253489805     
   2.9870000000000005        5.3107992994329738     
   3.0160000000000005        5.3846648428777035     
   3.0450000000000004        5.4535852992528229     
   3.0740000000000007        5.5174365608230733     
   3.1030000000000006        5.5761096664674303     
   3.1320000000000006        5.6295111595371603     
   3.1610000000000005        5.6775634047132248     
   3.1900000000000004        5.7202048630219906     
   3.2190000000000007        5.7573903242474831     
   3.2480000000000007        5.7890910960760635     
   3.2770000000000006        5.8152951493999350     
   3.3060000000000005        5.8360072193006491     
   3.3350000000000004        5.8512488613201441     
   3.3640000000000008        5.8610584627353681     
   3.3930000000000007        5.8654912086354791     
   3.4220000000000006        5.8646190027011222     
   3.4510000000000005        5.8585303426863220     
   3.4800000000000004        5.8473301506912065     
   3.5090000000000008        5.8311395584202472     
   3.5380000000000007        5.8100956477091685     
   3.5670000000000006        5.7843511467080440     
   3.5960000000000005        5.7540740822028233     
   3.6250000000000004        5.7194473886491757     
   3.6540000000000008        5.6806684745963665     
   3.6830000000000007        5.6379487472737679     
   3.7120000000000006        5.5915130961992432     
   3.7410000000000005        5.5415993367759100     
   3.7700000000000005        5.4884576149308657     
   3.7990000000000008        5.4323497739360604     
   3.8280000000000007        5.3735486846601930     
   3.8570000000000007        5.3123375405763440     
   3.8860000000000006        5.2490091189392132     
   3.9150000000000005        5.1838650096491321     
   3.9440000000000008        5.1172148133882303     
   3.9730000000000008        5.0493753107114117     
   4.0020000000000007        4.9806696038475877     
   4.0310000000000006        4.9114262330629685     
   4.0600000000000005        4.8419782694999327     
   4.0890000000000004        4.7726623864969469     
   4.1180000000000003        4.7038179114589695     
   4.1470000000000011        4.6357858604273190     
   4.1760000000000010        4.5689079575711560     
   4.2050000000000010        4.5035256418726419     
   4.2340000000000009        4.4399790633773364     
   4.2630000000000008        4.3786060714044197     
   4.2920000000000007        4.3197411971878807     
   4.3210000000000006        4.2637146335057707     
   4.3500000000000005        4.2108512138412095     
   4.3790000000000004        4.1614693937329719     
   4.4080000000000004        4.1158802369910461     
   4.4370000000000012        4.0743864095021820     
   4.4660000000000011        4.0372811833743185     
   4.4950000000000010        4.0048474542427925     
   4.5240000000000009        3.9773567745521063     
   4.5530000000000008        3.9550684056722503     
   4.5820000000000007        3.9382283917657901     
   4.6110000000000007        3.9270686582582925     
   4.6400000000000006        3.9218061378854827     
   4.6690000000000005        3.9226419272195017     
   4.6980000000000004        3.9297604766305767     
   4.7270000000000012        3.9433288166165426     
   4.7560000000000011        3.9634958234539681     
   4.7850000000000010        3.9903915270900825     
   4.8140000000000009        4.0241264642291412     
   4.8430000000000009        4.0647910794776863     
   4.8720000000000008        4.1124551774807969     
   4.9010000000000007        4.1671674288537588     
   4.9300000000000006        4.2289549328074827     
   4.9590000000000005        4.2978228391591529     
   4.9880000000000004        4.3737540325839745     
   5.0170000000000012        4.4567088816864953     
   5.0460000000000012        4.5466250556582963     
   5.0750000000000011        4.6434174109491551     
   5.1040000000000010        4.7469779506106988     
   5.1330000000000009        4.8571758586773512     
   5.1620000000000008        4.9738576119211757     
   5.1910000000000007        5.0968471713038070     
   5.2200000000000006        5.2259462553004141     
   5.2490000000000006        5.3609346971286413     
   5.2780000000000005        5.5015708878963778     
   5.3070000000000013        5.6475923075868195     
   5.3360000000000012        5.7987161454370835     
   5.3650000000000011        5.9546400115605138     
   5.3940000000000010        6.1150427411548662     
   5.4230000000000009        6.2795852926039970     
   5.4520000000000008        6.4479117408202455     
   5.4810000000000008        6.6196503666817534     
   5.5100000000000007        6.7944148435490206     
   5.5390000000000006        6.9718055215851109     
   5.5680000000000014        7.1514108102069258     
   5.5970000000000013        7.3328086592950967     
   5.6260000000000012        7.5155681390124300     
   5.6550000000000011        7.6992511183598253     
   5.6840000000000011        7.8834140420449330     
   5.7130000000000010        8.0676098053859278     
   5.7420000000000009        8.2513897260887461     
   5.7710000000000008        8.4343056125417206     
   5.8000000000000007        8.6159119267713322     
