   0.0000000000000000        2.4248938159894107     
   2.9000000000000005E-002   2.5043050010512231     
   5.8000000000000010E-002   2.5631962688184466     
   8.7000000000000022E-002   2.6039483508252732     
  0.11600000000000002        2.6286958404817518     
  0.14500000000000002        2.6393496982378237     
  0.17400000000000004        2.6376181867084054     
  0.20300000000000004        2.6250263135887892     
  0.23200000000000004        2.6029338575810463     
  0.26100000000000007        2.5725520499974204     
  0.29000000000000004        2.5349589822051044     
  0.31900000000000006        2.4911138066280589     
  0.34800000000000009        2.4418697966248950     
  0.37700000000000006        2.3879863282169262     
  0.40600000000000008        2.3301398443467582     
  0.43500000000000005        2.2689338601046298     
  0.46400000000000008        2.2049080651667317     
  0.49300000000000010        2.1385465775462658     
  0.52200000000000013        2.0702854006637517     
  0.55100000000000005        2.0005191336971486     
  0.58000000000000007        1.9296069831747302     
  0.60900000000000010        1.8578781218232827     
  0.63800000000000012        1.7856364387809505     
  0.66700000000000015        1.7131647234272436     
  0.69600000000000017        1.6407283232718124     
  0.72500000000000009        1.5685783145781502     
  0.75400000000000011        1.4969542226778174     
  0.78300000000000014        1.4260863272545847     
  0.81200000000000017        1.3561975862455746     
  0.84100000000000019        1.2875052104174369     
  0.87000000000000011        1.2202219191294528     
  0.89900000000000013        1.1545569062915311     
  0.92800000000000016        1.0907165440628754     
  0.95700000000000018        1.0289048504163338     
  0.98600000000000021       0.96932374531310628     
   1.0150000000000001       0.91217311889268682     
   1.0440000000000003       0.85765073378248957     
   1.0730000000000002       0.80595198237054466     
   1.1020000000000001       0.75726951866217829     
   1.1310000000000002       0.71179278315719152     
   1.1600000000000001       0.66970743803717570     
   1.1890000000000003       0.63119472884312899     
   1.2180000000000002       0.59643078775006375     
   1.2470000000000001       0.56558589250847124     
   1.2760000000000002       0.53882369412061559     
   1.3050000000000002       0.51630042535313525     
   1.3340000000000003       0.49816410125532268     
   1.3630000000000002       0.48455372195393903     
   1.3920000000000003       0.47559848713100100     
   1.4210000000000003       0.47141703075846580     
   1.4500000000000002       0.47211668386512651     
   1.4790000000000003       0.47779277234223139     
   1.5080000000000002       0.48852795605878790     
   1.5370000000000004       0.50439161485190032     
   1.5660000000000003       0.52543928628154402     
   1.5950000000000002       0.55171215939482099     
   1.6240000000000003       0.58323662812733923     
   1.6530000000000002       0.62002390738266222     
   1.6820000000000004       0.66206971427147154     
   1.7110000000000003       0.70935401645917517     
   1.7400000000000002       0.76184084906871563     
   1.7690000000000003       0.81947820110439096     
   1.7980000000000003       0.88219797191392957     
   1.8270000000000004       0.94991599777697933     
   1.8560000000000003        1.0225321483097505     
   1.8850000000000002        1.0999304919971036     
   1.9140000000000004        1.1819795298119558     
   1.9430000000000003        1.2685324955521520     
   1.9720000000000004        1.3594277212205987     
   2.0010000000000003        1.4544890654880653     
   2.0300000000000002        1.5535264030201419     
   2.0590000000000002        1.6563361722057561     
   2.0880000000000005        1.7627019786085194     
   2.1170000000000004        1.8723952512633537     
   2.1460000000000004        1.9851759487572589     
   2.1750000000000003        2.1007933118808388     
   2.2040000000000002        2.2189866594890693     
   2.2330000000000005        2.3394862240925653     
   2.2620000000000005        2.4620140235922245     
   2.2910000000000004        2.5862847654853223     
   2.3200000000000003        2.7120067797979317     
   2.3490000000000002        2.8388829769452899     
   2.3780000000000006        2.9666118266838257     
   2.4070000000000005        3.0948883542890608     
   2.4360000000000004        3.2234051500954002     
   2.4650000000000003        3.3518533885272022     
   2.4940000000000002        3.4799238527757042     
   2.5230000000000006        3.6073079613044454     
   2.5520000000000005        3.7336987924181830     
   2.5810000000000004        3.8587921031705239     
   2.6100000000000003        3.9822873389731104     
   2.6390000000000002        4.1038886303296565     
   2.6680000000000006        4.2233057732207540     
   2.6970000000000005        4.3402551897572437     
   2.7260000000000004        4.4544608658264417     
   2.7550000000000003        4.5656552625920419     
   2.7840000000000007        4.6735801987920187     
   2.8130000000000006        4.7779877009714475     
   2.8420000000000005        4.8786408188696413     
   2.8710000000000004        4.9753144033766077     
   2.9000000000000004        5.0677958445875610     
   2.9290000000000007        5.1558857676839978     
   2.9580000000000006        5.2393986844951996     
   2.9870000000000005        5.3181635987985594     
   3.0160000000000005        5.3920245635676771     
   3.0450000000000004        5.4608411885619894     
   3.0740000000000007        5.5244890968451195     
   3.1030000000000006        5.5828603289720355     
   3.1320000000000006        5.6358636938153666     
   3.1610000000000005        5.6834250651326172     
   3.1900000000000004        5.7254876232291139     
   3.2190000000000007        5.7620120411957956     
   3.2480000000000007        5.7929766154377020     
   3.2770000000000006        5.8183773403792287     
   3.3060000000000005        5.8382279274183944     
   3.3350000000000004        5.8525597683784341     
   3.3640000000000008        5.8614218439232459     
   3.3930000000000007        5.8648805775504655     
   3.4220000000000006        5.8630196359563911     
   3.4510000000000005        5.8559396767788030     
   3.4800000000000004        5.8437580448241846     
   3.5090000000000008        5.8266084181423281     
   3.5380000000000007        5.8046404053771568     
   3.5670000000000006        5.7780190960677942     
   3.5960000000000005        5.7469245656298682     
   3.6250000000000004        5.7115513369835185     
   3.6540000000000008        5.6721078008527286     
   3.6830000000000007        5.6288155969315028     
   3.7120000000000006        5.5819089582123809     
   3.7410000000000005        5.5316340208750319     
   3.7700000000000005        5.4782481022797072     
   3.7990000000000008        5.4220189496342357     
   3.8280000000000007        5.3632239619998074     
   3.8570000000000007        5.3021493884746462     
   3.8860000000000006        5.2390895052059818     
   3.9150000000000005        5.1743457742679198     
   3.9440000000000008        5.1082259871338351     
   3.9730000000000008        5.0410433957435998     
   4.0020000000000007        4.9731158340373440     
   4.0310000000000006        4.9047648328898958     
   4.0600000000000005        4.8363147312871320     
   4.0890000000000004        4.7680917866512118     
   4.1180000000000003        4.7004232870274905     
   4.1470000000000011        4.6336366679341836     
   4.1760000000000010        4.5680586365206182     
   4.2050000000000010        4.5040143054269492     
   4.2340000000000009        4.4418263389840149     
   4.2630000000000008        4.3818141138386864     
   4.2920000000000007        4.3242928962631595     
   4.3210000000000006        4.2695730379493853     
   4.3500000000000005        4.2179591922156305     
   4.3790000000000004        4.1697495519653103     
   4.4080000000000004        4.1252351108273615     
   4.4370000000000012        4.0846989485264658     
   4.4660000000000011        4.0484155410090352     
   4.4950000000000010        4.0166500961368001     
   4.5240000000000009        3.9896579147748525     
   4.5530000000000008        3.9676837770869042     
   4.5820000000000007        3.9509613537193218     
   4.6110000000000007        3.9397126403828224     
   4.6400000000000006        3.9341474149423448     
   4.6690000000000005        3.9344627146772382     
   4.6980000000000004        3.9408423317738652     
   4.7270000000000012        3.9534563238541978     
   4.7560000000000011        3.9724605364228864     
   4.7850000000000010        3.9979961331782761     
   4.8140000000000009        4.0301891297181101     
   4.8430000000000009        4.0691499254285191     
   4.8720000000000008        4.1149728279938245     
   4.9010000000000007        4.1677355638494191     
   4.9300000000000006        4.2274987675359625     
   4.9590000000000005        4.2943054421411944     
   4.9880000000000004        4.3681803821223184     
   5.0170000000000012        4.4491295489870026     
   5.0460000000000012        4.5371393898922179     
   5.0750000000000011        4.6321760876558074     
   5.1040000000000010        4.7341847301559028     
   5.1330000000000009        4.8430883868541059     
   5.1620000000000008        4.9587870775230840     
   5.1910000000000007        5.0811566189877340     
   5.2200000000000006        5.2100473337832227     
   5.2490000000000006        5.3452826035254475     
   5.2780000000000005        5.4866572491519037     
   5.3070000000000013        5.6339357186534471     
   5.3360000000000012        5.7868500617360041     
   5.3650000000000011        5.9450976700591127     
   5.3940000000000010        6.1083387598773697     
   5.4230000000000009        6.2761935729895413     
   5.4520000000000008        6.4482392705258462     
   5.4810000000000008        6.6240064925241313     
   5.5100000000000007        6.8029755549832771     
   5.5390000000000006        6.9845722547070181     
   5.5680000000000014        7.1681632505587913     
   5.5970000000000013        7.3530509884949424     
   5.6260000000000012        7.5384681354953500     
   5.6550000000000011        7.7235714869275398     
   5.6840000000000011        7.9074353093310492     
   5.7130000000000010        8.0890440792427398     
   5.7420000000000009        8.2672845766428509     
   5.7710000000000008        8.4409372907521174     
   5.8000000000000007        8.6086670923359634     
