   0.0000000000000000        1.8024455487851927     
   2.9000000000000005E-002   1.8035613990590702     
   5.8000000000000010E-002   1.8041603322096706     
   8.7000000000000022E-002   1.8041863144110915     
  0.11600000000000002        1.8035784569294160     
  0.14500000000000002        1.8022709869094229     
  0.17400000000000004        1.8001933293135022     
  0.20300000000000004        1.7972703151861809     
  0.23200000000000004        1.7934225285941738     
  0.26100000000000007        1.7885668013350515     
  0.29000000000000004        1.7826168609495818     
  0.31900000000000006        1.7754841338342968     
  0.34800000000000009        1.7670787014418501     
  0.37700000000000006        1.7573104037764107     
  0.40600000000000008        1.7460900807280542     
  0.43500000000000005        1.7333309383217199     
  0.46400000000000008        1.7189500237503861     
  0.49300000000000010        1.7028697901760366     
  0.52200000000000013        1.6850197297633824     
  0.55100000000000005        1.6653380512983305     
  0.58000000000000007        1.6437733770647087     
  0.60900000000000010        1.6202864324290585     
  0.63800000000000012        1.5948517008261605     
  0.66700000000000015        1.5674590165513587     
  0.69600000000000017        1.5381150679461282     
  0.72500000000000009        1.5068447842004025     
  0.75400000000000011        1.4736925800719525     
  0.78300000000000014        1.4387234343171447     
  0.81200000000000017        1.4020237795105193     
  0.84100000000000019        1.3637021831704015     
  0.87000000000000011        1.3238898026672234     
  0.89900000000000013        1.2827405992302996     
  0.92800000000000016        1.2404312994441424     
  0.95700000000000018        1.1971610958916243     
  0.98600000000000021        1.1531510820112520     
   1.0150000000000001        1.1086434197411643     
   1.0440000000000003        1.0639002420745007     
   1.0730000000000002        1.0192022962008169     
   1.1020000000000001       0.97484733640815235     
   1.1310000000000002       0.93114827932332223     
   1.1600000000000001       0.88843113732881174     
   1.1890000000000003       0.84703274907021464     
   1.2180000000000002       0.80729832881822128     
   1.2470000000000001       0.76957885903618972     
   1.2760000000000002       0.73422835279468635     
   1.3050000000000002       0.70160101463774827     
   1.3340000000000003       0.67204833011621579     
   1.3630000000000002       0.64591611543959992     
   1.3920000000000003       0.62354155954263579     
   1.4210000000000003       0.60525029130370278     
   1.4500000000000002       0.59135350468234493     
   1.4790000000000003       0.58214517415983624     
   1.5080000000000002       0.57789939207279140     
   1.5370000000000004       0.57886785823280684     
   1.5660000000000003       0.58527755063773590     
   1.5950000000000002       0.59732860411945210     
   1.6240000000000003       0.61519242146134656     
   1.6530000000000002       0.63901003888206731     
   1.6820000000000004       0.66889076485107413     
   1.7110000000000003       0.70491110801084300     
   1.7400000000000002       0.74711400656701954     
   1.7690000000000003       0.79550836791387114     
   1.7980000000000003       0.85006892352957908     
   1.8270000000000004       0.91073640035224301     
   1.8560000000000003       0.97741800597808703     
   1.8850000000000002        1.0499882211589766     
   1.9140000000000004        1.1282898892647626     
   1.9430000000000003        1.2121355886674841     
   1.9720000000000004        1.3013092704473102     
   2.0010000000000003        1.3955681404637841     
   2.0300000000000002        1.4946447617228336     
   2.0590000000000002        1.5982493501513966     
   2.0880000000000005        1.7060722343991597     
   2.1170000000000004        1.8177864481678128     
   2.1460000000000004        1.9330504218530775     
   2.1750000000000003        2.0515107389983127     
   2.2040000000000002        2.1728049222383921     
   2.2330000000000005        2.2965642130651656     
   2.2620000000000005        2.4224163098932423     
   2.2910000000000004        2.5499880295560575     
   2.3200000000000003        2.6789078585109807     
   2.3490000000000002        2.8088083616889294     
   2.3780000000000006        2.9393284190579507     
   2.4070000000000005        3.0701152625842232     
   2.4360000000000004        3.2008262893265829     
   2.4650000000000003        3.3311306298729058     
   2.4940000000000002        3.4607104551693864     
   2.5230000000000006        3.5892620089793303     
   2.5520000000000005        3.7164963576569474     
   2.5810000000000004        3.8421398536231051     
   2.6100000000000003        3.9659343137671681     
   2.6390000000000002        4.0876369189576440     
   2.6680000000000006        4.2070198458200716     
   2.6970000000000005        4.3238696468661066     
   2.7260000000000004        4.4379863998868228     
   2.7550000000000003        4.5491826521086747     
   2.7840000000000007        4.6572821889691483     
   2.8130000000000006        4.7621186613346094     
   2.8420000000000005        4.8635341085207795     
   2.8710000000000004        4.9613774175115530     
   2.9000000000000004        5.0555027612445205     
   2.9290000000000007        5.1457680605881535     
   2.9580000000000006        5.2320335157822626     
   2.9870000000000005        5.3141602534071541     
   3.0160000000000005        5.3920091344650141     
   3.0450000000000004        5.4654397678660969     
   3.0740000000000007        5.5343097713634331     
   3.1030000000000006        5.5984743189018422     
   3.1320000000000006        5.6577860093929555     
   3.1610000000000005        5.7120950870336511     
   3.1900000000000004        5.7612500375606910     
   3.2190000000000007        5.8050985783533715     
   3.2480000000000007        5.8434890529418837     
   3.2770000000000006        5.8762722325569783     
   3.3060000000000005        5.9033035187553224     
   3.3350000000000004        5.9244455320829132     
   3.3640000000000008        5.9395710623902005     
   3.3930000000000007        5.9485663465320329     
   3.4220000000000006        5.9513346297264533     
   3.4510000000000005        5.9477999569123625     
   3.4800000000000004        5.9379111312009627     
   3.5090000000000008        5.9216457674454688     
   3.5380000000000007        5.8990143607367571     
   3.5670000000000006        5.8700642821912510     
   3.5960000000000005        5.8348836078486386     
   3.6250000000000004        5.7936046816783460     
   3.6540000000000008        5.7464073098178119     
   3.6830000000000007        5.6935214814441792     
   3.7120000000000006        5.6352295116792561     
   3.7410000000000005        5.5718675038520473     
   3.7700000000000005        5.5038260330168782     
   3.7990000000000008        5.4315499593233767     
   3.8280000000000007        5.3555372887992689     
   3.8570000000000007        5.2763370116711030     
   3.8860000000000006        5.1945458619865121     
   3.9150000000000005        5.1108039603001316     
   3.9440000000000008        5.0257893207214011     
   3.9730000000000008        4.9402112255879729     
   4.0020000000000007        4.8548024963049556     
   4.0310000000000006        4.7703107153486144     
   4.0600000000000005        4.6874884834567183     
   4.0890000000000004        4.6070828253180025     
   4.1180000000000003        4.5298238893774396     
   4.1470000000000011        4.4564131182446545     
   4.1760000000000010        4.3875110975468488     
   4.2050000000000010        4.3237253224447159     
   4.2340000000000009        4.2655981497678113     
   4.2630000000000008        4.2135952293992887     
   4.2920000000000007        4.1680947332251890     
   4.3210000000000006        4.1293777173868875     
   4.3500000000000005        4.0976199674987583     
   4.3790000000000004        4.0728856811538208     
   4.4080000000000004        4.0551233445657999     
   4.4370000000000012        4.0441641432080360     
   4.4660000000000011        4.0397232329214603     
   4.4950000000000010        4.0414041596250172     
   4.5240000000000009        4.0487066742589377     
   4.5530000000000008        4.0610381308015349     
   4.5820000000000007        4.0777285801414109     
   4.6110000000000007        4.0980495905496355     
   4.6400000000000006        4.1212367126136087     
   4.6690000000000005        4.1465153985991492     
   4.6980000000000004        4.1731300436404126     
   4.7270000000000012        4.2003756716876524     
   4.7560000000000011        4.2276316251663957     
   4.7850000000000010        4.2543964475989924     
   4.8140000000000009        4.2803229637356708     
   4.8430000000000009        4.3052523819060298     
   4.8720000000000008        4.3292460514130653     
   4.9010000000000007        4.3526133411942283     
   4.9300000000000006        4.3759339308016934     
   4.9590000000000005        4.4000726824015146     
   4.9880000000000004        4.4261851428309456     
   5.0170000000000012        4.4557116854266496     
   5.0460000000000012        4.4903583071572939     
   5.0750000000000011        4.5320621926221065     
   5.1040000000000010        4.5829403586685658     
   5.1330000000000009        4.6452200300991535     
   5.1620000000000008        4.7211498831456993     
   5.1910000000000007        4.8128919886366930     
   5.2200000000000006        4.9223952003521845     
   5.2490000000000006        5.0512519335024990     
   5.2780000000000005        5.2005417984910309     
   5.3070000000000013        5.3706674568820745     
   5.3360000000000012        5.5611904101097025     
   5.3650000000000011        5.7706773024401627     
   5.3940000000000010        5.9965707652736455     
   5.4230000000000009        6.2351029830751941     
   5.4520000000000008        6.4812750618439168     
   5.4810000000000008        6.7289311337517574     
   5.5100000000000007        6.9709629286080599     
   5.5390000000000006        7.1996885448461398     
   5.5680000000000014        7.4074584451736882     
   5.5970000000000013        7.5875524508301169     
   5.6260000000000012        7.7354439189657569     
   5.6550000000000011        7.8505215642508119     
   5.6840000000000011        7.9383757249452174     
   5.7130000000000010        8.0137745481915772     
   5.7420000000000009        8.1044768239371479     
   5.7710000000000008        8.2560523608699441     
   5.8000000000000007        8.5379081140272319     
