   0.0000000000000000        2.2131398447875403     
   2.9000000000000005E-002   2.5046408037500574     
   5.8000000000000010E-002   2.7334070501785845     
   8.7000000000000022E-002   2.9028072872546624     
  0.11600000000000002        3.0172012587027610     
  0.14500000000000002        3.0816508331723402     
  0.17400000000000004        3.1016707988564929     
  0.20300000000000004        3.0830160869117327     
  0.23200000000000004        3.0315022961332834     
  0.26100000000000007        2.9528565419237331     
  0.29000000000000004        2.8525958000815264     
  0.31900000000000006        2.7359300605003121     
  0.34800000000000009        2.6076877476443112     
  0.37700000000000006        2.4722610037474846     
  0.40600000000000008        2.3335685671416870     
  0.43500000000000005        2.1950341119878298     
  0.46400000000000008        2.0595780469738303     
  0.49300000000000010        1.9296208992378754     
  0.52200000000000013        1.8070965358374045     
  0.55100000000000005        1.6934735984549005     
  0.58000000000000007        1.5897836476348857     
  0.60900000000000010        1.4966546305911896     
  0.63800000000000012        1.4143484014048144     
  0.66700000000000015        1.3428011341348733     
  0.69600000000000017        1.2816655778639654     
  0.72500000000000009        1.2303542078643244     
  0.75400000000000011        1.1880824287664395     
  0.78300000000000014        1.1539110837009434     
  0.81200000000000017        1.1267876177289247     
  0.84100000000000019        1.1055853343400988     
  0.87000000000000011        1.0891402702499187     
  0.89900000000000013        1.0762852960392488     
  0.92800000000000016        1.0658811282338008     
  0.95700000000000018        1.0568440121053930     
  0.98600000000000021        1.0481699036927790     
   1.0150000000000001        1.0389550441988542     
   1.0440000000000003        1.0284128799504382     
   1.0730000000000002        1.0158873364440828     
   1.1020000000000001        1.0008625056063798     
   1.1310000000000002       0.98296885124421707     
   1.1600000000000001       0.96198607873474307     
   1.1890000000000003       0.93784285132628809     
   1.2180000000000002       0.91061356701156582     
   1.2470000000000001       0.88051243684845093     
   1.2760000000000002       0.84788512790699766     
   1.3050000000000002       0.81319825180858485     
   1.3340000000000003       0.77702699320367941     
   1.3630000000000002       0.74004118163400312     
   1.3920000000000003       0.70299011520715027     
   1.4210000000000003       0.66668644553508816     
   1.4500000000000002       0.63198943064017499     
   1.4790000000000003       0.59978785624795594     
   1.5080000000000002       0.57098291624556485     
   1.5370000000000004       0.54647133036720996     
   1.5660000000000003       0.52712896162543754     
   1.5950000000000002       0.51379517787585705     
   1.6240000000000003       0.50725818151062985     
   1.6530000000000002       0.50824150889712105     
   1.6820000000000004       0.51739187707290113     
   1.7110000000000003       0.53526852979019413     
   1.7400000000000002       0.56233420842993420     
   1.7690000000000003       0.59894784605852824     
   1.7980000000000003       0.64535905517201930     
   1.8270000000000004       0.70170445179667140     
   1.8560000000000003       0.76800583101884079     
   1.8850000000000002       0.84417018177557346     
   1.9140000000000004       0.92999150239598483     
   1.9430000000000003        1.0251543530582190     
   1.9720000000000004        1.1292390573260185     
   2.0010000000000003        1.2417284425689694     
   2.0300000000000002        1.3620159885153769     
   2.0590000000000002        1.4894152346639606     
   2.0880000000000005        1.6231702811016018     
   2.1170000000000004        1.7624672032876907     
   2.1460000000000004        1.9064461903901222     
   2.1750000000000003        2.0542142078361891     
   2.2040000000000002        2.2048579793173189     
   2.2330000000000005        2.3574570802868897     
   2.2620000000000005        2.5110969350809222     
   2.2910000000000004        2.6648815126614323     
   2.3200000000000003        2.8179455214896749     
   2.3490000000000002        2.9694659128127996     
   2.3780000000000006        3.1186725125233354     
   2.4070000000000005        3.2648576157343712     
   2.4360000000000004        3.4073843943343758     
   2.4650000000000003        3.5456939860525645     
   2.4940000000000002        3.6793111542156978     
   2.5230000000000006        3.8078484293502406     
   2.5520000000000005        3.9310086675644778     
   2.5810000000000004        4.0485859855437543     
   2.6100000000000003        4.1604650576574107     
   2.6390000000000002        4.2666187871851875     
   2.6680000000000006        4.3671043898650375     
   2.6970000000000005        4.4620579550265944     
   2.7260000000000004        4.5516875743575609     
   2.7550000000000003        4.6362651544678002     
   2.7840000000000007        4.7161170523640052     
   2.8130000000000006        4.7916136951279693     
   2.8420000000000005        4.8631583653115475     
   2.8710000000000004        4.9311753512772425     
   2.9000000000000004        4.9960976763070475     
   2.9290000000000007        5.0583546328906204     
   2.9580000000000006        5.1183593570674155     
   2.9870000000000005        5.1764966827956584     
   3.0160000000000005        5.2331115181620351     
   3.0450000000000004        5.2884979824794982     
   3.0740000000000007        5.3428895373952443     
   3.1030000000000006        5.3964503337806313     
   3.1320000000000006        5.4492679825088253     
   3.1610000000000005        5.5013479378862158     
   3.1900000000000004        5.5526096594450607     
   3.2190000000000007        5.6028846925806093     
   3.2480000000000007        5.6519167767649705     
   3.2770000000000006        5.6993640579562168     
   3.3060000000000005        5.7448034442032849     
   3.3350000000000004        5.7877371059378362     
   3.3640000000000008        5.8276010805485612     
   3.3930000000000007        5.8637758980412968     
   3.4220000000000006        5.8955991031375561     
   3.4510000000000005        5.9223795031238637     
   3.4800000000000004        5.9434129309481989     
   3.5090000000000008        5.9579992678206963     
   3.5380000000000007        5.9654604341902200     
   3.5670000000000006        5.9651590180070571     
   3.5960000000000005        5.9565171776503689     
   3.6250000000000004        5.9390354309347231     
   3.6540000000000008        5.9123109153324549     
   3.6830000000000007        5.8760546911805704     
   3.7120000000000006        5.8301076509058021     
   3.7410000000000005        5.7744545936253644     
   3.7700000000000005        5.7092360358797123     
   3.7990000000000008        5.6347573434600235     
   3.8280000000000007        5.5514947965277770     
   3.8570000000000007        5.4600982373387978     
   3.8860000000000006        5.3613899986912656     
   3.9150000000000005        5.2563598644082958     
   3.9440000000000008        5.1461558856744887     
   3.9730000000000008        5.0320709538996198     
   4.0020000000000007        4.9155251140218752     
   4.0310000000000006        4.7980437045534927     
   4.0600000000000005        4.6812315122106156     
   4.0890000000000004        4.5667432311320226     
   4.1180000000000003        4.4562506477623174     
   4.1470000000000011        4.3514070711862587     
   4.1760000000000010        4.2538096582647995     
   4.2050000000000010        4.1649603967398434     
   4.2340000000000009        4.0862266157964768     
   4.2630000000000008        4.0188019982178957     
   4.2920000000000007        3.9636691624400555     
   4.3210000000000006        3.9215649500147265     
   4.3500000000000005        3.8929496250420925     
   4.3790000000000004        3.8779812031607435     
   4.4080000000000004        3.8764961550223234     
   4.4370000000000012        3.8879976920397894     
   4.4660000000000011        3.9116527737787692     
   4.4950000000000010        3.9462988892482826     
   4.5240000000000009        3.9904615008272231     
   4.5530000000000008        4.0423828607235919     
   4.5820000000000007        4.1000626360837487     
   4.6110000000000007        4.1613105288706720     
   4.6400000000000006        4.2238106732984306     
   4.6690000000000005        4.2851972116040997     
   4.6980000000000004        4.3431400053377729     
   4.7270000000000012        4.3954388989368454     
   4.7560000000000011        4.4401244252076140     
   4.7850000000000010        4.4755622534721624     
   4.8140000000000009        4.5005580710130744     
   4.8430000000000009        4.5144589669944253     
   4.8720000000000008        4.5172467783559114     
   4.9010000000000007        4.5096183102868963     
   4.9300000000000006        4.4930467934755143     
   4.9590000000000005        4.4698185721645132     
   4.9880000000000004        4.4430387141765095     
   5.0170000000000012        4.4165991923073307     
   5.0460000000000012        4.3951034384081140     
   5.0750000000000011        4.3837415990419686     
   5.1040000000000010        4.3881116919801570     
   5.1330000000000009        4.4139833271037787     
   5.1620000000000008        4.4670025706291199     
   5.1910000000000007        4.5523394176270813     
   5.2200000000000006        4.6742827922571450     
   5.2490000000000006        4.8357927758479491     
   5.2780000000000005        5.0380255756899714     
   5.3070000000000013        5.2798540049698204     
   5.3360000000000012        5.5574153135530651     
   5.3650000000000011        5.8637288545724005     
   5.3940000000000010        6.1884394311346114     
   5.4230000000000009        6.5177574574481696     
   5.4520000000000008        6.8346858450677246     
   5.4810000000000008        7.1196450735442340     
   5.5100000000000007        7.3516337168402970     
   5.5390000000000006        7.5100912251509726     
   5.5680000000000014        7.5776646076701581     
   5.5970000000000013        7.5441204151138663     
   5.6260000000000012        7.4116897122003138     
   5.6550000000000011        7.2021865691058338     
   5.6840000000000011        6.9663008851930499     
   5.7130000000000010        6.7955357562750578     
   5.7420000000000009        6.8373378096148372     
   5.7710000000000008        7.3140581091865897     
   5.8000000000000007        8.5464819809421897     
