   0.0000000000000000       0.10720706516730036     
   2.9000000000000005E-002  0.10838462967137398     
   5.8000000000000010E-002  0.10960181203252153     
   8.7000000000000022E-002  0.11086063672631712     
  0.11600000000000002       0.11216325081295610     
  0.14500000000000002       0.11351193897181054     
  0.17400000000000004       0.11490914445806390     
  0.20300000000000004       0.11635749786978385     
  0.23200000000000004       0.11785985577791951     
  0.26100000000000007       0.11941935134978128     
  0.29000000000000004       0.12103945907899041     
  0.31900000000000006       0.12272407561725465     
  0.34800000000000009       0.12447761848587384     
  0.37700000000000006       0.12630514413197366     
  0.40600000000000008       0.12821248639402075     
  0.43500000000000005       0.13020641596408578     
  0.46400000000000008       0.13229482089388081     
  0.49300000000000010       0.13448690760292653     
  0.52200000000000013       0.13679342122669302     
  0.55100000000000005       0.13922688350734677     
  0.58000000000000007       0.14180184579721569     
  0.60900000000000010       0.14453515413242671     
  0.63800000000000012       0.14744622275791991     
  0.66700000000000015       0.15055731196073421     
  0.69600000000000017       0.15389380561027138     
  0.72500000000000009       0.15748448342475749     
  0.75400000000000011       0.16136178269301693     
  0.78300000000000014       0.16556204398863417     
  0.81200000000000017       0.17012573532605879     
  0.84100000000000019       0.17509764922942930     
  0.87000000000000011       0.18052706731674004     
  0.89900000000000013       0.18646788724403221     
  0.92800000000000016       0.19297870720387023     
  0.95700000000000018       0.20012286362460596     
  0.98600000000000021       0.20796841826489268     
   1.0150000000000001       0.21658809153275407     
   1.0440000000000003       0.22605913956966173     
   1.0730000000000002       0.23646317341543410     
   1.1020000000000001       0.24788591939595589     
   1.1310000000000002       0.26041692073828571     
   1.1600000000000001       0.27414918130146970     
   1.1890000000000003       0.28917875320054942     
   1.2180000000000002       0.30560427097989051     
   1.2470000000000001       0.32352643584411261     
   1.2760000000000002       0.34304745426494043     
   1.3050000000000002       0.36427043603518022     
   1.3340000000000003       0.38729875752252957     
   1.3630000000000002       0.41223539647292334     
   1.3920000000000003       0.43918224521379912     
   1.4210000000000003       0.46823940950168397     
   1.4500000000000002       0.49950450053733575     
   1.4790000000000003       0.53307192782848789     
   1.5080000000000002       0.56903220061042215     
   1.5370000000000004       0.60747124543542752     
   1.5660000000000003       0.64846974731326301     
   1.5950000000000002       0.69210252142789741     
   1.6240000000000003       0.73843792197493197     
   1.6530000000000002       0.78753729406561845     
   1.6820000000000004       0.83945447393557215     
   1.7110000000000003       0.89423534188964782     
   1.7400000000000002       0.95191743152152641     
   1.7690000000000003        1.0125295977814910     
   1.7980000000000003        1.0760917454446308     
   1.8270000000000004        1.1426146184715777     
   1.8560000000000003        1.2120996496734431     
   1.8850000000000002        1.2845388690111443     
   1.9140000000000004        1.3599148677971933     
   1.9430000000000003        1.4382008150454291     
   1.9720000000000004        1.5193605212519627     
   2.0010000000000003        1.6033485440086113     
   2.0300000000000002        1.6901103290688317     
   2.0590000000000002        1.7795823798228019     
   2.0880000000000005        1.8716924476128616     
   2.1170000000000004        1.9663597349457806     
   2.1460000000000004        2.0634951034513969     
   2.1750000000000003        2.1630012784074633     
   2.2040000000000002        2.2647730418086942     
   2.2330000000000005        2.3686974063105022     
   2.2620000000000005        2.4746537629275358     
   2.2910000000000004        2.5825139961149173     
   2.3200000000000003        2.6921425608030010     
   2.3490000000000002        2.8033965170880752     
   2.3780000000000006        2.9161255195893347     
   2.4070000000000005        3.0301717599587188     
   2.4360000000000004        3.1453698626483133     
   2.4650000000000003        3.2615467357878014     
   2.4940000000000002        3.3785213808716987     
   2.5230000000000006        3.4961046668755085     
   2.5520000000000005        3.6140990763853416     
   2.5810000000000004        3.7322984332893965     
   2.6100000000000003        3.8504876235290912     
   2.6390000000000002        3.9684423222732761     
   2.6680000000000006        4.0859287426516211     
   2.6970000000000005        4.2027034227927675     
   2.7260000000000004        4.3185130693408782     
   2.7550000000000003        4.4330944768115703     
   2.7840000000000007        4.5461745430579157     
   2.8130000000000006        4.6574704017155577     
   2.8420000000000005        4.7666896927351363     
   2.8710000000000004        4.8735309919517622     
   2.9000000000000004        4.9776844200626273     
   2.9290000000000007        5.0788324503677105     
   2.9580000000000006        5.1766509331006336     
   2.9870000000000005        5.2708103521873095     
   3.0160000000000005        5.3609773277613151     
   3.0450000000000004        5.4468163747701910     
   3.0740000000000007        5.5279919244383811     
   3.1030000000000006        5.6041706114313765     
   3.1320000000000006        5.6750238249919063     
   3.1610000000000005        5.7402305175113266     
   3.1900000000000004        5.7994802586123058     
   3.2190000000000007        5.8524765172354716     
   3.2480000000000007        5.8989401482734340     
   3.2770000000000006        5.9386130542272539     
   3.3060000000000005        5.9712619860385345     
   3.3350000000000004        5.9966824411414024     
   3.3640000000000008        6.0147026104214945     
   3.3930000000000007        6.0251873200591355     
   3.4220000000000006        6.0280419083157213     
   3.4510000000000005        6.0232159723984680     
   3.4800000000000004        6.0107069157746125     
   3.5090000000000008        5.9905632226516161     
   3.5380000000000007        5.9628873830990443     
   3.5670000000000006        5.9278383906725054     
   3.5960000000000005        5.8856337334932647     
   3.6250000000000004        5.8365508003378324     
   3.6540000000000008        5.7809276251776964     
   3.6830000000000007        5.7191628977321898     
   3.7120000000000006        5.6517151718217633     
   3.7410000000000005        5.5791012122029429     
   3.7700000000000005        5.5018934271366788     
   3.7990000000000008        5.4207163474355298     
   3.8280000000000007        5.3362421231507824     
   3.8570000000000007        5.2491850260364572     
   3.8860000000000006        5.1602949606938751     
   3.9150000000000005        5.0703500074394015     
   3.9440000000000008        4.9801480389072594     
   3.9730000000000008        4.8904974749440271     
   4.0020000000000007        4.8022072632289792     
   4.0310000000000006        4.7160761971545071     
   4.0600000000000005        4.6328817059304583     
   4.0890000000000004        4.5533682807795230     
   4.1180000000000003        4.4782357197902911     
   4.1470000000000011        4.4081274051684431     
   4.1760000000000010        4.3436188426505851     
   4.2050000000000010        4.2852067197527504     
   4.2340000000000009        4.2332987530894570     
   4.2630000000000008        4.1882046127466310     
   4.2920000000000007        4.1501282192612052     
   4.3210000000000006        4.1191617193585444     
   4.3500000000000005        4.0952814367137762     
   4.3790000000000004        4.0783460984375779     
   4.4080000000000004        4.0680976075018407     
   4.4370000000000012        4.0641646251733619     
   4.4660000000000011        4.0660691721695912     
   4.4950000000000010        4.0732364293107821     
   4.5240000000000009        4.0850078540242976     
   4.5530000000000008        4.1006576664240129     
   4.5820000000000007        4.1194126619393501     
   4.6110000000000007        4.1404752472699329     
   4.6400000000000006        4.1630494453129359     
   4.6690000000000005        4.1863695450447267     
   4.6980000000000004        4.2097308976481145     
   4.7270000000000012        4.2325222585350275     
   4.7560000000000011        4.2542589017684804     
   4.7850000000000010        4.2746155875029217     
   4.8140000000000009        4.2934583085007034     
   4.8430000000000009        4.3108735914211138     
   4.8720000000000008        4.3271939645710518     
   4.9010000000000007        4.3430180860232213     
   4.9300000000000006        4.3592238994388026     
   4.9590000000000005        4.3769731267675525     
   4.9880000000000004        4.3977053185226396     
   5.0170000000000012        4.4231197357003111     
   5.0460000000000012        4.4551434325403534     
   5.0750000000000011        4.4958839980681660     
   5.1040000000000010        4.5475658026698511     
   5.1330000000000009        4.6124489165667910     
   5.1620000000000008        4.6927304983837530     
   5.1910000000000007        4.7904291252198163     
   5.2200000000000006        4.9072536432358902     
   5.2490000000000006        5.0444592111452948     
   5.2780000000000005        5.2026949223654810     
   5.3070000000000013        5.3818491300626192     
   5.3360000000000012        5.5809010754455812     
   5.3650000000000011        5.7977901765261777     
   5.3940000000000010        6.0293176067643799     
   5.4230000000000009        6.2710989032057114     
   5.4520000000000008        6.5175909844692796     
   5.4810000000000008        6.7622224160004407     
   5.5100000000000007        6.9976623131660745     
   5.5390000000000006        7.2162705890368670     
   5.5680000000000014        7.4107810721034184     
   5.5970000000000013        7.5752788169775158     
   5.6260000000000012        7.7065444566542283     
   5.6550000000000011        7.8058515397133306     
   5.6840000000000011        7.8813176570693031     
   5.7130000000000010        7.9509272387949750     
   5.7420000000000009        8.0463631050661206     
   5.7710000000000008        8.2178058009594679     
   5.8000000000000007        8.5398840862326324     
