   0.0000000000000000        1.3590880201938295E-003
   2.9000000000000005E-002   1.3824980295566835E-003
   5.8000000000000010E-002   1.4074542191498637E-003
   8.7000000000000022E-002   1.4341597281347098E-003
  0.11600000000000002        1.4628581560102987E-003
  0.14500000000000002        1.4938437015052739E-003
  0.17400000000000004        1.5274740247724116E-003
  0.20300000000000004        1.5641864925565892E-003
  0.23200000000000004        1.6045185757317952E-003
  0.26100000000000007        1.6491332802083694E-003
  0.29000000000000004        1.6988506018935905E-003
  0.31900000000000006        1.7546860999737477E-003
  0.34800000000000009        1.8178977758507632E-003
  0.37700000000000006        1.8900425230607514E-003
  0.40600000000000008        1.9730434718716384E-003
  0.43500000000000005        2.0692695865666571E-003
  0.46400000000000008        2.1816288794720253E-003
  0.49300000000000010        2.3136765797324298E-003
  0.52200000000000013        2.4697395332850627E-003
  0.55100000000000005        2.6550580105925959E-003
  0.58000000000000007        2.8759459582669796E-003
  0.60900000000000010        3.1399705482628047E-003
  0.63800000000000012        3.4561516531300164E-003
  0.66700000000000015        3.8351816080047633E-003
  0.69600000000000017        4.2896653105569766E-003
  0.72500000000000009        4.8343803608564247E-003
  0.75400000000000011        5.4865565568031939E-003
  0.78300000000000014        6.2661736410075447E-003
  0.81200000000000017        7.1962757462645729E-003
  0.84100000000000019        8.3033005143312022E-003
  0.87000000000000011        9.6174203726217631E-003
  0.89900000000000013        1.1172892952434571E-002
  0.92800000000000016        1.3008417127769486E-002
  0.95700000000000018        1.5167490653590720E-002
  0.98600000000000021        1.7698764894859446E-002
   1.0150000000000001        2.0656391671462195E-002
   1.0440000000000003        2.4100356808159182E-002
   1.0730000000000002        2.8096794581822519E-002
   1.1020000000000001        3.2718276909443407E-002
   1.1310000000000002        3.8044070828397406E-002
   1.1600000000000001        4.4160357593710890E-002
   1.1890000000000003        5.1160406563568656E-002
   1.2180000000000002        5.9144696971473398E-002
   1.2470000000000001        6.8220980698054892E-002
   1.2760000000000002        7.8504279263432716E-002
   1.3050000000000002        9.0116808467244292E-002
   1.3340000000000003       0.10318782441187799     
   1.3630000000000002       0.11785338505786308     
   1.3920000000000003       0.13425602198030681     
   1.4210000000000003       0.15254431762191942     
   1.4500000000000002       0.17287238407037270     
   1.4790000000000003       0.19539924022285241     
   1.5080000000000002       0.22028808513462625     
   1.5370000000000004       0.24770546637565458     
   1.5660000000000003       0.27782034333264272     
   1.5950000000000002       0.31080304658494839     
   1.6240000000000003       0.34682413574136739     
   1.6530000000000002       0.38605315943969309     
   1.6820000000000004       0.42865732256933353     
   1.7110000000000003       0.47480006716525158     
   1.7400000000000002       0.52463957482403478     
   1.7690000000000003       0.57832719989388970     
   1.7980000000000003       0.63600584407297378     
   1.8270000000000004       0.69780828439704035     
   1.8560000000000003       0.76385546788982106     
   1.8850000000000002       0.83425478736945136     
   1.9140000000000004       0.90909835403293748     
   1.9430000000000003       0.98846128345974260     
   1.9720000000000004        1.0724000125668114     
   2.0010000000000003        1.1609506657930566     
   2.0300000000000002        1.2541274893747074     
   2.0590000000000002        1.3519213729779886     
   2.0880000000000005        1.4542984781677211     
   2.1170000000000004        1.5611989931964936     
   2.1460000000000004        1.6725360333875166     
   2.1750000000000003        1.7881947059455718     
   2.2040000000000002        1.9080313573572749     
   2.2330000000000005        2.0318730206291051     
   2.2620000000000005        2.1595170784565507     
   2.2910000000000004        2.2907311570210642     
   2.3200000000000003        2.4252532634751387     
   2.3490000000000002        2.5627921783072383     
   2.3780000000000006        2.7030281116848505     
   2.4070000000000005        2.8456136305690789     
   2.4360000000000004        2.9901748608924934     
   2.4650000000000003        3.1363129664117273     
   2.4940000000000002        3.2836059030099816     
   2.5230000000000006        3.4316104442553526     
   2.5520000000000005        3.5798644709480127     
   2.5810000000000004        3.7278895142411304     
   2.6100000000000003        3.8751935387319727     
   2.6390000000000002        4.0212739487241036     
   2.6680000000000006        4.1656207976986392     
   2.6970000000000005        4.3077201779383962     
   2.7260000000000004        4.4470577642678135     
   2.7550000000000003        4.5831224830413735     
   2.7840000000000007        4.7154102748783151     
   2.8130000000000006        4.8434279172456129     
   2.8420000000000005        4.9666968708704653     
   2.8710000000000004        5.0847571121672495     
   2.9000000000000004        5.1971709124242107     
   2.9290000000000007        5.3035265234520796     
   2.9580000000000006        5.4034417287908418     
   2.9870000000000005        5.4965672194173241     
   3.0160000000000005        5.5825897532490689     
   3.0450000000000004        5.6612350585892965     
   3.0740000000000007        5.7322704430552349     
   3.1030000000000006        5.7955070714634882     
   3.1320000000000006        5.8508018786308229     
   3.1610000000000005        5.8980590860849578     
   3.1900000000000004        5.9372312952576056     
   3.2190000000000007        5.9683201338300123     
   3.2480000000000007        5.9913764365147522     
   3.2770000000000006        6.0064999466182787     
   3.3060000000000005        6.0138385302503252     
   3.3350000000000004        6.0135869009085496     
   3.3640000000000008        6.0059848583935356     
   3.3930000000000007        5.9913150524420438     
   3.4220000000000006        5.9699002881288976     
   3.4510000000000005        5.9421003967984802     
   3.4800000000000004        5.9083087030223993     
   3.5090000000000008        5.8689481247399087     
   3.5380000000000007        5.8244669501557240     
   3.5670000000000006        5.7753343411075519     
   3.5960000000000005        5.7220356183212999     
   3.6250000000000004        5.6650673891672056     
   3.6540000000000008        5.6049325830101964     
   3.6830000000000007        5.5421354629810935     
   3.7120000000000006        5.4771766859324771     
   3.7410000000000005        5.4105484840523559     
   3.7700000000000005        5.3427300425340150     
   3.7990000000000008        5.2741831470819989     
   3.8280000000000007        5.2053481734848788     
   3.8570000000000007        5.1366404882419374     
   3.8860000000000006        5.0684473249756365     
   3.9150000000000005        5.0011251951910936     
   3.9440000000000008        4.9349978849122635     
   3.9730000000000008        4.8703550796834634     
   4.0020000000000007        4.8074516504858593     
   4.0310000000000006        4.7465076215260069     
   4.0600000000000005        4.6877088284265938     
   4.0890000000000004        4.6312082613158054     
   4.1180000000000003        4.5771280732099058     
   4.1470000000000011        4.5255622185027278     
   4.1760000000000010        4.4765796710275936     
   4.2050000000000010        4.4302281556165326     
   4.2340000000000009        4.3865383114143697     
   4.2630000000000008        4.3455281908381949     
   4.2920000000000007        4.3072079845896951     
   4.3210000000000006        4.2715848504303722     
   4.3500000000000005        4.2386677146687362     
   4.3790000000000004        4.2084719066033358     
   4.4080000000000004        4.1810234832564674     
   4.4370000000000012        4.1563630993532570     
   4.4660000000000011        4.1345492837162965     
   4.4950000000000010        4.1156609883491910     
   4.5240000000000009        4.0997992931661429     
   4.5530000000000008        4.0870881656319398     
   4.5820000000000007        4.0776742021353130     
   4.6110000000000007        4.0717253071306914     
   4.6400000000000006        4.0694283056236600     
   4.6690000000000005        4.0709855265122314     
   4.6980000000000004        4.0766104455724417     
   4.7270000000000012        4.0865225311681570     
   4.7560000000000011        4.1009414948457561     
   4.7850000000000010        4.1200812133829459     
   4.8140000000000009        4.1441436494351365     
   4.8430000000000009        4.1733131664659595     
   4.8720000000000008        4.2077516856370494     
   4.9010000000000007        4.2475951926317066     
   4.9300000000000006        4.2929521353289601     
   4.9590000000000005        4.3439042804820929     
   4.9880000000000004        4.4005105968826683     
   5.0170000000000012        4.4628146981704049     
   5.0460000000000012        4.5308563085418427     
   5.0750000000000011        4.6046870930003934     
   5.1040000000000010        4.6843910039897310     
   5.1330000000000009        4.7701090380869573     
   5.1620000000000008        4.8620679353189189     
   5.1910000000000007        4.9606118894880638     
   5.2200000000000006        5.0662357273395173     
   5.2490000000000006        5.1796172663161997     
   5.2780000000000005        5.3016455943579786     
   5.3070000000000013        5.4334408700815402     
   5.3360000000000012        5.5763598112389445     
   5.3650000000000011        5.7319793319911696     
   5.3940000000000010        5.9020487481029704     
   5.4230000000000009        6.0883985192631371     
   5.4520000000000008        6.2927906459080987     
   5.4810000000000008        6.5166924264049158     
   5.5100000000000007        6.7609513391507789     
   5.5390000000000006        7.0253442052053288     
   5.5680000000000014        7.3079684423282743     
   5.5970000000000013        7.6044370303861797     
   5.6260000000000012        7.9068317362107337     
   5.6550000000000011        8.2023609245661646     
   5.6840000000000011        8.4716590371681377     
   5.7130000000000010        8.6866540767950937     
   5.7420000000000009        8.8079174067825079     
   5.7710000000000008        8.7813963522203267     
   5.8000000000000007        8.5344146122224629     
