   0.0000000000000000        2.3832085073958034     
   2.9000000000000005E-002   2.5291496454876996     
   5.8000000000000010E-002   2.6375225141024119     
   8.7000000000000022E-002   2.7124340409454546     
  0.11600000000000002        2.7578372899697143     
  0.14500000000000002        2.7774982796943646     
  0.17400000000000004        2.7749699115033946     
  0.20300000000000004        2.7535723535643530     
  0.23200000000000004        2.7163792514788527     
  0.26100000000000007        2.6662091630517155     
  0.29000000000000004        2.6056216415073092     
  0.31900000000000006        2.5369174189580814     
  0.34800000000000009        2.4621421698160897     
  0.37700000000000006        2.3830933620140615     
  0.40600000000000008        2.3013297322543593     
  0.43500000000000005        2.2181829499236021     
  0.46400000000000008        2.1347710626943548     
  0.49300000000000010        2.0520133450846423     
  0.52200000000000013        1.9706461992673918     
  0.55100000000000005        1.8912397851259264     
  0.58000000000000007        1.8142150838534377     
  0.60900000000000010        1.7398611262135397     
  0.63800000000000012        1.6683521428386794     
  0.66700000000000015        1.5997644195716343     
  0.69600000000000017        1.5340926657834431     
  0.72500000000000009        1.4712657277655834     
  0.75400000000000011        1.4111615026337605     
  0.78300000000000014        1.3536209306400622     
  0.81200000000000017        1.2984609653164891     
  0.84100000000000019        1.2454864414186748     
  0.87000000000000011        1.1945007801597187     
  0.89900000000000013        1.1453154896813249     
  0.92800000000000016        1.0977584360672479     
  0.95700000000000018        1.0516808764325400     
  0.98600000000000021        1.0069632606943386     
   1.0150000000000001       0.96351982252527113     
   1.0440000000000003       0.92130199269196089     
   1.0730000000000002       0.88030067947735402     
   1.1020000000000001       0.84054747116924344     
   1.1310000000000002       0.80211482466810802     
   1.1600000000000001       0.76511531212729522     
   1.1890000000000003       0.72970000419769276     
   1.2180000000000002       0.69605607392033597     
   1.2470000000000001       0.66440370961461848     
   1.2760000000000002       0.63499242826975277     
   1.3050000000000002       0.60809688299345932     
   1.3340000000000003       0.58401225904136389     
   1.3630000000000002       0.56304935287880109     
   1.3920000000000003       0.54552942766462287     
   1.4210000000000003       0.53177893653902353     
   1.4500000000000002       0.52212420220142508     
   1.4790000000000003       0.51688613753977863     
   1.5080000000000002       0.51637508757986395     
   1.5370000000000004       0.52088586783165647     
   1.5660000000000003       0.53069306828768159     
   1.5950000000000002       0.54604668595556727     
   1.6240000000000003       0.56716814194707388     
   1.6530000000000002       0.59424673189745492     
   1.6820000000000004       0.62743655090862238     
   1.7110000000000003       0.66685392640671126     
   1.7400000000000002       0.71257538433445755     
   1.7690000000000003       0.76463616606790596     
   1.7980000000000003       0.82302930542718478     
   1.8270000000000004       0.88770526722053877     
   1.8560000000000003       0.95857214101635180     
   1.8850000000000002        1.0354963763428422     
   1.9140000000000004        1.1183040383458376     
   1.9430000000000003        1.2067825561917591     
   1.9720000000000004        1.3006829301956706     
   2.0010000000000003        1.3997223579330311     
   2.0300000000000002        1.5035872344220600     
   2.0590000000000002        1.6119364769775517     
   2.0880000000000005        1.7244051215423939     
   2.1170000000000004        1.8406081342208305     
   2.1460000000000004        1.9601443794843889     
   2.1750000000000003        2.0826006849999943     
   2.2040000000000002        2.2075559423891535     
   2.2330000000000005        2.3345851833516411     
   2.2620000000000005        2.4632635716045654     
   2.2910000000000004        2.5931702528503657     
   2.3200000000000003        2.7238920076240762     
   2.3490000000000002        2.8550266552140240     
   2.3780000000000006        2.9861861610020544     
   2.4070000000000005        3.1169994043314553     
   2.4360000000000004        3.2471145695253827     
   2.4650000000000003        3.3762011286349032     
   2.4940000000000002        3.5039513911061091     
   2.5230000000000006        3.6300816024739251     
   2.5520000000000005        3.7543325815239568     
   2.5810000000000004        3.8764698929613139     
   2.6100000000000003        3.9962835602918880     
   2.6390000000000002        4.1135873314715141     
   2.6680000000000006        4.2282175175475318     
   2.6970000000000005        4.3400314321543627     
   2.7260000000000004        4.4489054669421995     
   2.7550000000000003        4.5547328449981990     
   2.7840000000000007        4.6574211007275412     
   2.8130000000000006        4.7568893404399297     
   2.8420000000000005        4.8530653430156931     
   2.8710000000000004        4.9458825644030995     
   2.9000000000000004        5.0352771128710119     
   2.9290000000000007        5.1211847646466051     
   2.9580000000000006        5.2035380906240682     
   2.9870000000000005        5.2822637651744415     
   3.0160000000000005        5.3572801270815873     
   3.0450000000000004        5.4284950603407198     
   3.0740000000000007        5.4958042590931386     
   3.1030000000000006        5.5590899363143951     
   3.1320000000000006        5.6182200296735942     
   3.1610000000000005        5.6730479509203153     
   3.1900000000000004        5.7234129166013936     
   3.2190000000000007        5.7691408884410542     
   3.2480000000000007        5.8100461411007878     
   3.2770000000000006        5.8459334634555056     
   3.3060000000000005        5.8766009873472456     
   3.3350000000000004        5.9018436248299579     
   3.3640000000000008        5.9214570812082243     
   3.3930000000000007        5.9352423980161362     
   3.4220000000000006        5.9430109656463657     
   3.4510000000000005        5.9445899323399942     
   3.4800000000000004        5.9398279226260655     
   3.5090000000000008        5.9286009658583652     
   3.5380000000000007        5.9108185240162072     
   3.5670000000000006        5.8864294972583195     
   3.5960000000000005        5.8554280769347145     
   3.6250000000000004        5.8178593087095862     
   3.6540000000000008        5.7738242230834658     
   3.6830000000000007        5.7234843879662662     
   3.7120000000000006        5.6670657376541840     
   3.7410000000000005        5.6048615354972640     
   3.7700000000000005        5.5372343323854238     
   3.7990000000000008        5.4646167931113041     
   3.8280000000000007        5.3875112740523718     
   3.8570000000000007        5.3064880514449442     
   3.8860000000000006        5.2221821193130609     
   3.9150000000000005        5.1352884979722830     
   3.9440000000000008        5.0465560210229796     
   3.9730000000000008        4.9567795973723605     
   4.0020000000000007        4.8667909783721370     
   4.0310000000000006        4.7774480951070473     
   4.0600000000000005        4.6896230673382888     
   4.0890000000000004        4.6041890280189364     
   4.1180000000000003        4.5220059454991315     
   4.1470000000000011        4.4439056682986120     
   4.1760000000000010        4.3706764584017037     
   4.2050000000000010        4.3030473195449304     
   4.2340000000000009        4.2416724634931597     
   4.2630000000000008        4.1871162946226832     
   4.2920000000000007        4.1398393199860948     
   4.3210000000000006        4.1001854195974374     
   4.3500000000000005        4.0683709255081340     
   4.3790000000000004        4.0444759706406330     
   4.4080000000000004        4.0284385614613711     
   4.4370000000000012        4.0200518193250900     
   4.4660000000000011        4.0189648080158804     
   4.4950000000000010        4.0246873182277341     
   4.5240000000000009        4.0365989311576413     
   4.5530000000000008        4.0539625989658816     
   4.5820000000000007        4.0759428941491933     
   4.6110000000000007        4.1016289604158374     
   4.6400000000000006        4.1300620712900127     
   4.6690000000000005        4.1602675462927436     
   4.6980000000000004        4.1912906050056336     
   4.7270000000000012        4.2222355506164604     
   4.7560000000000011        4.2523074683049344     
   4.7850000000000010        4.2808554003495374     
   4.8140000000000009        4.3074157457594993     
   4.8430000000000009        4.3317543766897870     
   4.8720000000000008        4.3539057576708728     
   4.9010000000000007        4.3742071143933572     
   4.9300000000000006        4.3933255108277081     
   4.9590000000000005        4.4122755188436713     
   4.9880000000000004        4.4324250544304959     
   5.0170000000000012        4.4554868896957487     
   5.0460000000000012        4.4834933936654124     
   5.0750000000000011        4.5187521867628675     
   5.1040000000000010        4.5637806838785764     
   5.1330000000000009        4.6212179434078280     
   5.1620000000000008        4.6937129198340699     
   5.1910000000000007        4.7837891042581759     
   5.2200000000000006        4.8936867786105722     
   5.2490000000000006        5.0251856651739217     
   5.2780000000000005        5.1794127607718110     
   5.3070000000000013        5.3566426139441319     
   5.3360000000000012        5.5561004005139694     
   5.3650000000000011        5.7757818325189874     
   5.3940000000000010        6.0123084733495489     
   5.4230000000000009        6.2608423880301416     
   5.4520000000000008        6.5150904335314408     
   5.4810000000000008        6.7674360574455932     
   5.5100000000000007        7.0092452763346955     
   5.5390000000000006        7.2314038595650345     
   5.5680000000000014        7.4251547276508063     
   5.5970000000000013        7.5833184516523033     
   5.6260000000000012        7.7019957392476499     
   5.6550000000000011        7.7828692479524761     
   5.6840000000000011        7.8362429821863770     
   5.7130000000000010        7.8849817088339478     
   5.7420000000000009        7.9695400535129011     
   5.7710000000000008        8.1543020922690630     
   5.8000000000000007        8.5354873286560178     
