   0.0000000000000000        2.5605912108839943     
   2.9000000000000005E-002   2.5520282012033988     
   5.8000000000000010E-002   2.5408485818450592     
   8.7000000000000022E-002   2.5270883892393710     
  0.11600000000000002        2.5107834191972822     
  0.14500000000000002        2.4919683203654723     
  0.17400000000000004        2.4706759353802159     
  0.20300000000000004        2.4469369136317787     
  0.23200000000000004        2.4207796069238925     
  0.26100000000000007        2.3922302483898013     
  0.29000000000000004        2.3613134056872442     
  0.31900000000000006        2.3280526916262168     
  0.34800000000000009        2.2924717088781410     
  0.37700000000000006        2.2545952001716172     
  0.40600000000000008        2.2144503713016204     
  0.43500000000000005        2.1720683512737713     
  0.46400000000000008        2.1274857518853696     
  0.49300000000000010        2.0807462879255882     
  0.52200000000000013        2.0319024188779831     
  0.55100000000000005        1.9810169734509619     
  0.58000000000000007        1.9281647193708202     
  0.60900000000000010        1.8734338425747308     
  0.63800000000000012        1.8169273021668879     
  0.66700000000000015        1.7587640301817724     
  0.69600000000000017        1.6990799482677805     
  0.72500000000000009        1.6380287767980757     
  0.75400000000000011        1.5757826155712560     
  0.78300000000000014        1.5125322791219944     
  0.81200000000000017        1.4484873736630708     
  0.84100000000000019        1.3838761067690772     
  0.87000000000000011        1.3189448250347533     
  0.89900000000000013        1.2539572790458060     
  0.92800000000000016        1.1891936190382268     
  0.95700000000000018        1.1249491285469893     
  0.98600000000000021        1.0615327071130014     
   1.0150000000000001       0.99926511668745754     
   1.0440000000000003       0.93847700970765724     
   1.0730000000000002       0.87950675988349192     
   1.1020000000000001       0.82269811949810701     
   1.1310000000000002       0.76839772946239204     
   1.1600000000000001       0.71695251044706243     
   1.1890000000000003       0.66870696512844874     
   1.2180000000000002       0.62400042290866586     
   1.2470000000000001       0.58316425939586525     
   1.2760000000000002       0.54651912344788767     
   1.3050000000000002       0.51437220468950295     
   1.3340000000000003       0.48701457411000304     
   1.3630000000000002       0.46471862963916494     
   1.3920000000000003       0.44773567749465093     
   1.4210000000000003       0.43629367860565832     
   1.4500000000000002       0.43059518756344251     
   1.4790000000000003       0.43081550935011959     
   1.5080000000000002       0.43710109657762869     
   1.5370000000000004       0.44956820715723383     
   1.5660000000000003       0.46830183924787022     
   1.5950000000000002       0.49335495703368487     
   1.6240000000000003       0.52474801739443178     
   1.6530000000000002       0.56246880389683818     
   1.6820000000000004       0.60647257079225514     
   1.7110000000000003       0.65668249589903238     
   1.7400000000000002       0.71299043742296497     
   1.7690000000000003       0.77525798596924100     
   1.7980000000000003       0.84331779927286499     
   1.8270000000000004       0.91697520356598261     
   1.8560000000000003       0.99601004205556531     
   1.8850000000000002        1.0801787477479625     
   1.9140000000000004        1.1692166148707015     
   1.9430000000000003        1.2628402404481240     
   1.9720000000000004        1.3607501052222239     
   2.0010000000000003        1.4626332611118491     
   2.0300000000000002        1.5681660908027601     
   2.0590000000000002        1.6770171038844204     
   2.0880000000000005        1.7888497332258371     
   2.1170000000000004        1.9033250950235936     
   2.1460000000000004        2.0201046761832830     
   2.1750000000000003        2.1388529134170389     
   2.2040000000000002        2.2592396296472037     
   2.2330000000000005        2.3809422950210144     
   2.2620000000000005        2.5036480820293563     
   2.2910000000000004        2.6270556868815351     
   2.3200000000000003        2.7508768924019433     
   2.3490000000000002        2.8748378512395036     
   2.3780000000000006        2.9986800721069207     
   2.4070000000000005        3.1221610960209256     
   2.4360000000000004        3.2450548540961730     
   2.4650000000000003        3.3671517032571412     
   2.4940000000000002        3.4882581412468427     
   2.5230000000000006        3.6081962074697604     
   2.5520000000000005        3.7268025814123114     
   2.5810000000000004        3.8439273956033122     
   2.6100000000000003        3.9594327852368112     
   2.6390000000000002        4.0731912015375729     
   2.6680000000000006        4.1850835207593553     
   2.6970000000000005        4.2949969851525998     
   2.7260000000000004        4.4028230163202995     
   2.7550000000000003        4.5084549450314269     
   2.7840000000000007        4.6117857046500399     
   2.8130000000000006        4.7127055378287839     
   2.8420000000000005        4.8110997679857146     
   2.8710000000000004        4.9068466881234665     
   2.9000000000000004        4.9998156199327113     
   2.9290000000000007        5.0898651955531165     
   2.9580000000000006        5.1768419130001959     
   2.9870000000000005        5.2605790139723974     
   3.0160000000000005        5.3408957295310664     
   3.0450000000000004        5.4175969350337345     
   3.0740000000000007        5.4904732505781828     
   3.1030000000000006        5.5593016173222081     
   3.1320000000000006        5.6238463731607053     
   3.1610000000000005        5.6838608435948590     
   3.1900000000000004        5.7390894552223397     
   3.2190000000000007        5.7892703701623596     
   3.2480000000000007        5.8341386300786677     
   3.2770000000000006        5.8734297882816087     
   3.3060000000000005        5.9068839979498371     
   3.3350000000000004        5.9342505137153019     
   3.3640000000000008        5.9552925532202039     
   3.3930000000000007        5.9697924545833914     
   3.4220000000000006        5.9775570553272530     
   3.4510000000000005        5.9784232087098204     
   3.4800000000000004        5.9722633440133777     
   3.5090000000000008        5.9589909693686423     
   3.5380000000000007        5.9385660085719962     
   3.5670000000000006        5.9109998575500100     
   3.5960000000000005        5.8763600419983106     
   3.6250000000000004        5.8347743555600005     
   3.6540000000000008        5.7864343569675043     
   3.6830000000000007        5.7315981070070734     
   3.7120000000000006        5.6705920297013392     
   3.7410000000000005        5.6038117890195451     
   3.7700000000000005        5.5317220815479686     
   3.7990000000000008        5.4548552575164422     
   3.8280000000000007        5.3738086972790029     
   3.8570000000000007        5.2892408880627499     
   3.8860000000000006        5.2018661657826897     
   3.9150000000000005        5.1124481101887795     
   3.9440000000000008        5.0217916064389101     
   3.9730000000000008        4.9307336156397241     
   4.0020000000000007        4.8401327247896688     
   4.0310000000000006        4.7508575807851230     
   4.0600000000000005        4.6637743438670896     
   4.0890000000000004        4.5797333323610019     
   4.1180000000000003        4.4995550630194430     
   4.1470000000000011        4.4240159257285541     
   4.1760000000000010        4.3538337649529240     
   4.2050000000000010        4.2896536698654018     
   4.2340000000000009        4.2320343038568353     
   4.2630000000000008        4.1814351285888733     
   4.2920000000000007        4.1382048954437778     
   4.3210000000000006        4.1025717932525367     
   4.3500000000000005        4.0746356428862782     
   4.3790000000000004        4.0543625329783026     
   4.4080000000000004        4.0415822714039678     
   4.4370000000000012        4.0359890130421263     
   4.4660000000000011        4.0371453816060239     
   4.4950000000000010        4.0444903594579955     
   4.5240000000000009        4.0573511596303433     
   4.5530000000000008        4.0749592099964502     
   4.5820000000000007        4.0964702947094338     
   4.6110000000000007        4.1209887857294234     
   4.6400000000000006        4.1475957701040898     
   4.6690000000000005        4.1753807450186287     
   4.6980000000000004        4.2034763894880598     
   4.7270000000000012        4.2310957569716265     
   4.7560000000000011        4.2575710532073572     
   4.7850000000000010        4.2823929664227762     
   4.8140000000000009        4.3052493365612463     
   4.8430000000000009        4.3260617389241816     
   4.8720000000000008        4.3450183836102951     
   4.9010000000000007        4.3626015491972794     
   4.9300000000000006        4.3796076208818704     
   4.9590000000000005        4.3971576803742209     
   4.9880000000000004        4.4166965335462010     
   5.0170000000000012        4.4399780413514236     
   5.0460000000000012        4.4690347017312888     
   5.0750000000000011        4.5061296002386371     
   5.1040000000000010        4.5536891431838740     
   5.1330000000000009        4.6142154502740595     
   5.1620000000000008        4.6901779246400110     
   5.1910000000000007        4.7838843644713052     
   5.2200000000000006        4.8973331427841913     
   5.2490000000000006        5.0320493896724656     
   5.2780000000000005        5.1889099486579653     
   5.3070000000000013        5.3679640878108330     
   5.3360000000000012        5.5682596928672865     
   5.3650000000000011        5.7876879756222479     
   5.3940000000000010        6.0228636235697195     
   5.4230000000000009        6.2690621197689325     
   5.4520000000000008        6.5202414117520675     
   5.4810000000000008        6.7691816976875998     
   5.5100000000000007        7.0077846864005551     
   5.5390000000000006        7.2275825836695731     
   5.5680000000000014        7.4205172646325082     
   5.5970000000000013        7.5800619992660359     
   5.6260000000000012        7.7027716166339815     
   5.6550000000000011        7.7903626449406147     
   5.6840000000000011        7.8524426738731563     
   5.7130000000000010        7.9100284283049405     
   5.7420000000000009        8.0000150797422975     
   5.7710000000000008        8.1807851709891111     
   5.8000000000000007        8.5391750880517066     
