   0.0000000000000000        1.7917476830818841     
   2.9000000000000005E-002   1.7928027605731887     
   5.8000000000000010E-002   1.7933868131922373     
   8.7000000000000022E-002   1.7934506217604780     
  0.11600000000000002        1.7929405792457007     
  0.14500000000000002        1.7917985783463768     
  0.17400000000000004        1.7899619854892685     
  0.20300000000000004        1.7873637178734565     
  0.23200000000000004        1.7839324380035326     
  0.26100000000000007        1.7795928773847531     
  0.29000000000000004        1.7742662978731778     
  0.31900000000000006        1.7678710957340962     
  0.34800000000000009        1.7603235498932179     
  0.37700000000000006        1.7515387122807775     
  0.40600000000000008        1.7414314346660480     
  0.43500000000000005        1.7299175230409185     
  0.46400000000000008        1.7169150075045208     
  0.49300000000000010        1.7023455127816012     
  0.52200000000000013        1.6861357120192426     
  0.55100000000000005        1.6682188443823271     
  0.58000000000000007        1.6485362752309221     
  0.60900000000000010        1.6270390763266274     
  0.63800000000000012        1.6036896025860354     
  0.66700000000000015        1.5784630413766818     
  0.69600000000000017        1.5513489102268605     
  0.72500000000000009        1.5223524790823475     
  0.75400000000000011        1.4914960938724882     
  0.78300000000000014        1.4588203791232193     
  0.81200000000000017        1.4243852986495393     
  0.84100000000000019        1.3882710549464050     
  0.87000000000000011        1.3505788097437590     
  0.89900000000000013        1.3114312102658519     
  0.92800000000000016        1.2709727080031146     
  0.95700000000000018        1.2293696592317376     
  0.98600000000000021        1.1868101990666977     
   1.0150000000000001        1.1435038834731543     
   1.0440000000000003        1.0996810963543227     
   1.0730000000000002        1.0555922215473561     
   1.1020000000000001        1.0115065822598066     
   1.1310000000000002       0.96771115313673850     
   1.1600000000000001       0.92450905273311990     
   1.1890000000000003       0.88221782665014370     
   1.2180000000000002       0.84116753395239630     
   1.2470000000000001       0.80169865169218446     
   1.2760000000000002       0.76415981440729253     
   1.3050000000000002       0.72890540731099318     
   1.3340000000000003       0.69629303354283223     
   1.3630000000000002       0.66668087728289938     
   1.3920000000000003       0.64042498574086859     
   1.4210000000000003       0.61787649400679945     
   1.4500000000000002       0.59937881748860977     
   1.4790000000000003       0.58526483715923738     
   1.5080000000000002       0.57585410309487695     
   1.5370000000000004       0.57145008180680801     
   1.5660000000000003       0.57233747265809709     
   1.5950000000000002       0.57877961821910939     
   1.6240000000000003       0.59101603276126957     
   1.6530000000000002       0.60926007222620149     
   1.6820000000000004       0.63369676794899721     
   1.7110000000000003       0.66448084517275430     
   1.7400000000000002       0.70173494597862096     
   1.7690000000000003       0.74554807468717355     
   1.7980000000000003       0.79597428207614063     
   1.8270000000000004       0.85303160292138380     
   1.8560000000000003       0.91670125941672576     
   1.8850000000000002       0.98692714097908241     
   1.9140000000000004        1.0636155688107785     
   1.9430000000000003        1.1466353513857146     
   1.9720000000000004        1.2358181347618984     
   2.0010000000000003        1.3309590493128860     
   2.0300000000000002        1.4318176521234252     
   2.0590000000000002        1.5381191619263410     
   2.0880000000000005        1.6495559810671960     
   2.1170000000000004        1.7657894965960093     
   2.1460000000000004        1.8864521501889486     
   2.1750000000000003        2.0111497642272274     
   2.2040000000000002        2.1394641089932818     
   2.2330000000000005        2.2709556936121484     
   2.2620000000000005        2.4051667610584881     
   2.2910000000000004        2.5416244652983191     
   2.3200000000000003        2.6798442064207126     
   2.3490000000000002        2.8193330974873958     
   2.3780000000000006        2.9595935347625435     
   2.4070000000000005        3.1001268410232869     
   2.4360000000000004        3.2404369498090873     
   2.4650000000000003        3.3800340967539442     
   2.4940000000000002        3.5184384825948776     
   2.5230000000000006        3.6551838710976958     
   2.5520000000000005        3.7898210839999766     
   2.5810000000000004        3.9219213541967872     
   2.6100000000000003        4.0510794978206341     
   2.6390000000000002        4.1769168656169793     
   2.6680000000000006        4.2990840341973744     
   2.6970000000000005        4.4172631982957959     
   2.7260000000000004        4.5311702262894151     
   2.7550000000000003        4.6405563427958310     
   2.7840000000000007        4.7452094044308968     
   2.8130000000000006        4.8449547376023840     
   2.8420000000000005        4.9396555107905540     
   2.8710000000000004        5.0292126180030463     
   2.9000000000000004        5.1135640551539288     
   2.9290000000000007        5.1926837768966472     
   2.9580000000000006        5.2665800280928012     
   2.9870000000000005        5.3352931515119151     
   3.0160000000000005        5.3988928816010482     
   3.0450000000000004        5.4574751430948192     
   3.0740000000000007        5.5111583829309581     
   3.1030000000000006        5.5600794742061366     
   3.1320000000000006        5.6043892416953653     
   3.1610000000000005        5.6442476696152415     
   3.1900000000000004        5.6798188636209099     
   3.2190000000000007        5.7112658504470240     
   3.2480000000000007        5.7387453096000902     
   3.2770000000000006        5.7624023422548412     
   3.3060000000000005        5.7823653920819860     
   3.3350000000000004        5.7987414416308836     
   3.3640000000000008        5.8116116149482719     
   3.3930000000000007        5.8210273221518332     
   3.4220000000000006        5.8270070852652598     
   3.4510000000000005        5.8295341841603801     
   3.4800000000000004        5.8285552593149035     
   3.5090000000000008        5.8239800013712317     
   3.5380000000000007        5.8156820474514781     
   3.5670000000000006        5.8035011895390003     
   3.5960000000000005        5.7872469814894334     
   3.6250000000000004        5.7667038069635677     
   3.6540000000000008        5.7416374423085008     
   3.6830000000000007        5.7118031141592116     
   3.7120000000000006        5.6769550131723108     
   3.7410000000000005        5.6368571815285584     
   3.7700000000000005        5.5912956446969151     
   3.7990000000000008        5.5400916059896286     
   3.8280000000000007        5.4831154681651633     
   3.8570000000000007        5.4203013908088629     
   3.8860000000000006        5.3516620341383039     
   3.9150000000000005        5.2773030852750331     
   3.9440000000000008        5.1974371087655982     
   3.9730000000000008        5.1123962157724065     
   4.0020000000000007        5.0226430031865874     
   4.0310000000000006        4.9287791845769107     
   4.0600000000000005        4.8315513134964903     
   4.0890000000000004        4.7318529961620186     
   4.1180000000000003        4.6307230049490045     
   4.1470000000000011        4.5293387389813802     
   4.1760000000000010        4.4290045390894477     
   4.2050000000000010        4.3311344483371954     
   4.2340000000000009        4.2372291294399815     
   4.2630000000000008        4.1488467946300602     
   4.2920000000000007        4.0675681874479892     
   4.3210000000000006        3.9949558645777188     
   4.3500000000000005        3.9325082806242335     
   4.3790000000000004        3.8816094457396275     
   4.4080000000000004        3.8434752391744951     
   4.4370000000000012        3.8190977812398614     
   4.4660000000000011        3.8091896066730442     
   4.4950000000000010        3.8141297303257033     
   4.5240000000000009        3.8339140198468158     
   4.5530000000000008        3.8681126094006686     
   4.5820000000000007        3.9158373423842932     
   4.6110000000000007        3.9757224394306832     
   4.6400000000000006        4.0459216869767261     
   4.6690000000000005        4.1241254220640258     
   4.6980000000000004        4.2076004412201655     
   4.7270000000000012        4.2932555853967642     
   4.7560000000000011        4.3777351913176972     
   4.7850000000000010        4.4575417734431539     
   4.8140000000000009        4.5291881684697728     
   4.8430000000000009        4.5893779389771225     
   4.8720000000000008        4.6352110521220311     
   4.9010000000000007        4.6644096972559055     
   4.9300000000000006        4.6755566102983721     
   4.9590000000000005        4.6683354497145046     
   4.9880000000000004        4.6437596315154224     
   5.0170000000000012        4.6043727382129873     
   5.0460000000000012        4.5544002245005686     
   5.0750000000000011        4.4998289056093199     
   5.1040000000000010        4.4483878505125176     
   5.1330000000000009        4.4094022220524494     
   5.1620000000000008        4.3934907386865234     
   5.1910000000000007        4.4120784348051529     
   5.2200000000000006        4.4766999858547933     
   5.2490000000000006        4.5980761379178148     
   5.2780000000000005        4.7849578301538713     
   5.3070000000000013        5.0427510427543893     
   5.3360000000000012        5.3719620968913659     
   5.3650000000000011        5.7665402170387097     
   5.3940000000000010        6.2122446711291559     
   5.4230000000000009        6.6852305637439713     
   5.4520000000000008        7.1511349279899150     
   5.4810000000000008        7.5650572121376172     
   5.5100000000000007        7.8729717625537887     
   5.5390000000000006        8.0152905364520848     
   5.5680000000000014        7.9335203822702169     
   5.5970000000000013        7.5812392905354500     
   5.6260000000000012        6.9409613546449691     
   5.6550000000000011        6.0488827840890735     
   5.6840000000000011        5.0300158178433776     
   5.7130000000000010        4.1468408815562725     
   5.7420000000000009        3.8653582758270204     
   5.7710000000000008        4.9433232452720404     
   5.8000000000000007        8.5465261554345489     
