   0.0000000000000000       0.10807426056834109     
   2.9000000000000005E-002  0.10934168934714726     
   5.8000000000000010E-002  0.11065805598582308     
   8.7000000000000022E-002  0.11202660847681008     
  0.11600000000000002       0.11345088386675548     
  0.14500000000000002       0.11493473677473663     
  0.17400000000000004       0.11648237031245302     
  0.20300000000000004       0.11809836944726167     
  0.23200000000000004       0.11978773682516755     
  0.26100000000000007       0.12155593105239891     
  0.29000000000000004       0.12340890742412529     
  0.31900000000000006       0.12535316109007652     
  0.34800000000000009       0.12739577266162028     
  0.37700000000000006       0.12954445629490755     
  0.40600000000000008       0.13180761033081778     
  0.43500000000000005       0.13419437063454137     
  0.46400000000000008       0.13671466685468825     
  0.49300000000000010       0.13937928191180565     
  0.52200000000000013       0.14219991512616897     
  0.55100000000000005       0.14518924950089276     
  0.58000000000000007       0.14836102378415972     
  0.60900000000000010       0.15173011003843431     
  0.63800000000000012       0.15531259753909349     
  0.66700000000000015       0.15912588390378002     
  0.69600000000000017       0.16318877441055626     
  0.72500000000000009       0.16752159049117812     
  0.75400000000000011       0.17214628837922030     
  0.78300000000000014       0.17708658884544790     
  0.81200000000000017       0.18236811885931603     
  0.84100000000000019       0.18801856587113261     
  0.87000000000000011       0.19406784521043932     
  0.89900000000000013       0.20054828083984758     
  0.92800000000000016       0.20749479938842832     
  0.95700000000000018       0.21494513701464815     
  0.98600000000000021       0.22294005821713045     
   1.0150000000000001       0.23152358522509445     
   1.0440000000000003       0.24074323606372772     
   1.0730000000000002       0.25065026880918190     
   1.1020000000000001       0.26129992893122661     
   1.1310000000000002       0.27275169597836690     
   1.1600000000000001       0.28506952520154627     
   1.1890000000000003       0.29832207905101454     
   1.2180000000000002       0.31258294283050875     
   1.2470000000000001       0.32793081816875325     
   1.2760000000000002       0.34444968738658460     
   1.3050000000000002       0.36222894131574640     
   1.3340000000000003       0.38136346267996857     
   1.3630000000000002       0.40195365679811984     
   1.3920000000000003       0.42410542113052169     
   1.4210000000000003       0.44793004508014461     
   1.4500000000000002       0.47354403149671975     
   1.4790000000000003       0.50106883152900639     
   1.5080000000000002       0.53063048484220343     
   1.5370000000000004       0.56235915777550460     
   1.5660000000000003       0.59638857276845136     
   1.5950000000000002       0.63285532334073835     
   1.6240000000000003       0.67189807007208235     
   1.6530000000000002       0.71365661439688721     
   1.6820000000000004       0.75827084859923932     
   1.7110000000000003       0.80587958215969135     
   1.7400000000000002       0.85661924655465993     
   1.7690000000000003       0.91062248272589796     
   1.7980000000000003       0.96801661770067848     
   1.8270000000000004        1.0289220392279386     
   1.8560000000000003        1.0934504797716162     
   1.8850000000000002        1.1617032237357490     
   1.9140000000000004        1.2337692543478240     
   1.9430000000000003        1.3097233591548976     
   1.9720000000000004        1.3896242155450038     
   2.0010000000000003        1.4735124800448418     
   2.0300000000000002        1.5614089073119772     
   2.0590000000000002        1.6533125266816577     
   2.0880000000000005        1.7491989057901740     
   2.1170000000000004        1.8490185321228565     
   2.1460000000000004        1.9526953442709889     
   2.1750000000000003        2.0601254451748821     
   2.2040000000000002        2.1711760296303200     
   2.2330000000000005        2.2856845577962628     
   2.2620000000000005        2.4034582053219200     
   2.2910000000000004        2.5242736189775279     
   2.3200000000000003        2.6478770042973676     
   2.3490000000000002        2.7739845687092179     
   2.3780000000000006        2.9022833399242214     
   2.4070000000000005        3.0324323749973217     
   2.4360000000000004        3.1640643704605065     
   2.4650000000000003        3.2967876783067789     
   2.4940000000000002        3.4301887264077511     
   2.5230000000000006        3.5638348352419964     
   2.5520000000000005        3.6972774156699932     
   2.5810000000000004        3.8300555250045272     
   2.6100000000000003        3.9616997509034340     
   2.6390000000000002        4.0917363847733084     
   2.6680000000000006        4.2196918385566518     
   2.6970000000000005        4.3450972511368215     
   2.7260000000000004        4.4674932232913820     
   2.7550000000000003        4.5864346133357099     
   2.7840000000000007        4.7014953195072096     
   2.8130000000000006        4.8122729699306372     
   2.8420000000000005        4.9183934368751361     
   2.8710000000000004        5.0195150891504996     
   2.9000000000000004        5.1153326950762548     
   2.9290000000000007        5.2055808886794015     
   2.9580000000000006        5.2900371137840771     
   2.9870000000000005        5.3685239645995164     
   3.0160000000000005        5.4409108474200973     
   3.0450000000000004        5.5071148961786633     
   3.0740000000000007        5.5671010849432223     
   3.1030000000000006        5.6208814929735214     
   3.1320000000000006        5.6685136926781796     
   3.1610000000000005        5.7100982475894506     
   3.1900000000000004        5.7457753262119562     
   3.2190000000000007        5.7757204580289176     
   3.2480000000000007        5.8001394798857504     
   3.2770000000000006        5.8192627439447779     
   3.3060000000000005        5.8333386821567546     
   3.3350000000000004        5.8426268460685193     
   3.3640000000000008        5.8473905644547441     
   3.3930000000000007        5.8478893838239729     
   3.4220000000000006        5.8443714779311113     
   3.4510000000000005        5.8370662310624857     
   3.4800000000000004        5.8261772154394924     
   3.5090000000000008        5.8118757946246422     
   3.5380000000000007        5.7942955918374732     
   3.5670000000000006        5.7735280632953581     
   3.5960000000000005        5.7496194117850585     
   3.6250000000000004        5.7225690636138360     
   3.6540000000000008        5.6923299123551807     
   3.6830000000000007        5.6588105046663451     
   3.7120000000000006        5.6218793070715689     
   3.7410000000000005        5.5813711466405742     
   3.7700000000000005        5.5370958644481032     
   3.7990000000000008        5.4888491572322859     
   3.8280000000000007        5.4364255116398841     
   3.8570000000000007        5.3796330567494852     
   3.8860000000000006        5.3183100760490678     
   3.9150000000000005        5.2523428306822915     
   3.9440000000000008        5.1816842546266209     
   3.9730000000000008        5.1063729903293194     
   4.0020000000000007        5.0265521450534365     
   4.0310000000000006        4.9424870654962163     
   4.0600000000000005        4.8545813556222015     
   4.0890000000000004        4.7633903047164807     
   4.1180000000000003        4.6696308523067529     
   4.1470000000000011        4.5741872011712843     
   4.1760000000000010        4.4781112005310888     
   4.2050000000000010        4.3826166682185033     
   4.2340000000000009        4.2890669029281412     
   4.2630000000000008        4.1989547643971719     
   4.2920000000000007        4.1138748712635334     
   4.3210000000000006        4.0354876898459793     
   4.3500000000000005        3.9654755585787029     
   4.3790000000000004        3.9054910204930593     
   4.4080000000000004        3.8570982107349892     
   4.4370000000000012        3.8217084686531280     
   4.4660000000000011        3.8005118060235645     
   4.4950000000000010        3.7944063548488884     
   4.5240000000000009        3.8039284268631945     
   4.5530000000000008        3.8291863210292831     
   4.5820000000000007        3.8698014986455291     
   4.6110000000000007        3.9248611756720493     
   4.6400000000000006        3.9928867232929406     
   4.6690000000000005        4.0718224911811376     
   4.6980000000000004        4.1590497235606563     
   4.7270000000000012        4.2514300697012004     
   4.7560000000000011        4.3453827703151546     
   4.7850000000000010        4.4369988371017826     
   4.8140000000000009        4.5221944159638952     
   4.8430000000000009        4.5969039496958430     
   4.8720000000000008        4.6573116991094139     
   4.9010000000000007        4.7001175987570605     
   4.9300000000000006        4.7228302881339914     
   4.9590000000000005        4.7240764718044375     
   4.9880000000000004        4.7039115510488045     
   5.0170000000000012        4.6641118206352985     
   5.0460000000000012        4.6084235689049819     
   5.0750000000000011        4.5427393715217477     
   5.1040000000000010        4.4751670638506766     
   5.1330000000000009        4.4159527367446572     
   5.1620000000000008        4.3772162721288623     
   5.1910000000000007        4.3724571740749525     
   5.2200000000000006        4.4157908883353230     
   5.2490000000000006        4.5208827282185666     
   5.2780000000000005        4.6995597219793126     
   5.3070000000000013        4.9601023268187419     
   5.3360000000000012        5.3052507030370180     
   5.3650000000000011        5.7300075544917490     
   5.3940000000000010        6.2193853913631756     
   5.4230000000000009        6.7463357175001875     
   5.4520000000000008        7.2702169459662400     
   5.4810000000000008        7.7363144440460019     
   5.5100000000000007        8.0771287255338393     
   5.5390000000000006        8.2164071263978258     
   5.5680000000000014        8.0772231188602746     
   5.5970000000000013        7.5958206745563075     
   5.6260000000000012        6.7434568398166448     
   5.6550000000000011        5.5591148717794567     
   5.6840000000000011        4.1967479852028191     
   5.7130000000000010        2.9916789559647441     
   5.7420000000000009        2.5519578980747610     
   5.7710000000000008        3.8819092868361622     
   5.8000000000000007        8.5468263728544116     
