   0.0000000000000000       -4.8651831990214667E-002
   2.9000000000000005E-002  -5.4692720733202367E-002
   5.8000000000000010E-002  -6.1300960011993887E-002
   8.7000000000000022E-002  -6.8540366760014945E-002
  0.11600000000000002       -7.6480834586789129E-002
  0.14500000000000002       -8.5197908124778635E-002
  0.17400000000000004       -9.4771846973709828E-002
  0.20300000000000004      -0.10528603810305710     
  0.23200000000000004      -0.11682461620266395     
  0.26100000000000007      -0.12946916156761812     
  0.29000000000000004      -0.14329436489893319     
  0.31900000000000006      -0.15836257759549707     
  0.34800000000000009      -0.17471720393883872     
  0.37700000000000006      -0.19237493686827217     
  0.40600000000000008      -0.21131689032185572     
  0.43500000000000005      -0.23147873663466750     
  0.46400000000000008      -0.25274001531018209     
  0.49300000000000010      -0.27491283756438739     
  0.52200000000000013      -0.29773026728390672     
  0.55100000000000005      -0.32083471134614167     
  0.58000000000000007      -0.34376669859670694     
  0.60900000000000010      -0.36595446526522440     
  0.63800000000000012      -0.38670479349543130     
  0.66700000000000015      -0.40519556745739960     
  0.69600000000000017      -0.42047051694257198     
  0.72500000000000009      -0.43143661044990206     
  0.75400000000000011      -0.43686453790338303     
  0.78300000000000014      -0.43539268698378736     
  0.81200000000000017      -0.42553496664658691     
  0.84100000000000019      -0.40569276712627322     
  0.87000000000000011      -0.37417126834352959     
  0.89900000000000013      -0.32920021923387044     
  0.92800000000000016      -0.26895921053782396     
  0.95700000000000018      -0.19160735478181207     
  0.98600000000000021       -9.5317171572097348E-002
   1.0150000000000001        2.1687643786174913E-002
   1.0440000000000003       0.16109101243707247     
   1.0730000000000002       0.32444039039545647     
   1.1020000000000001       0.51310049666177937     
   1.1310000000000002       0.72820564597665705     
   1.1600000000000001       0.97061158339586462     
   1.1890000000000003        1.2408478079378837     
   1.2180000000000002        1.5390714476899767     
   1.2470000000000001        1.8650238063347564     
   1.2760000000000002        2.2179907386685356     
   1.3050000000000002        2.5967680281895213     
   1.3340000000000003        2.9996329314255026     
   1.3630000000000002        3.4243230199154087     
   1.3920000000000003        3.8680233906496673     
   1.4210000000000003        4.3273632287731596     
   1.4500000000000002        4.7984225924307129     
   1.4790000000000003        5.2767501492912743     
   1.5080000000000002        5.7573924285867992     
   1.5370000000000004        6.2349349630723632     
   1.5660000000000003        6.7035554843673761     
   1.5950000000000002        7.1570891054374242     
   1.6240000000000003        7.5891051788566912     
   1.6530000000000002        7.9929952627857102     
   1.6820000000000004        8.3620713626469811     
   1.7110000000000003        8.6896733500383441     
   1.7400000000000002        8.9692841966263437     
   1.7690000000000003        9.1946514050412880     
   1.7980000000000003        9.3599127768112371     
   1.8270000000000004        9.4597244348784244     
   1.8560000000000003        9.4893888210719730     
   1.8850000000000002        9.4449802227518393     
   1.9140000000000004        9.3234652532234534     
   1.9430000000000003        9.1228156226526256     
   1.9720000000000004        8.8421104948621618     
   2.0010000000000003        8.4816257346911588     
   2.0300000000000002        8.0429074142257804     
   2.0590000000000002        7.5288270666125277     
   2.0880000000000005        6.9436163554850081     
   2.1170000000000004        6.2928790666252192     
   2.1460000000000004        5.5835786264507377     
   2.1750000000000003        4.8239997072974701     
   2.2040000000000002        4.0236828898098294     
   2.2330000000000005        3.1933318136455791     
   2.2620000000000005        2.3446927540187827     
   2.2910000000000004        1.4904071061541877     
   2.3200000000000003       0.64383783496385982     
   2.3490000000000002      -0.18112845674556871     
   2.3780000000000006      -0.97030158162134794     
   2.4070000000000005       -1.7094270770440287     
   2.4360000000000004       -2.3844413130323261     
   2.4650000000000003       -2.9817383761387948     
   2.4940000000000002       -3.4884441825948622     
   2.5230000000000006       -3.8926928042911020     
   2.5520000000000005       -4.1838995906487044     
   2.5810000000000004       -4.3530253522672062     
   2.6100000000000003       -4.3928256508930357     
   2.6390000000000002       -4.2980791284902509     
   2.6680000000000006       -4.0657888161613185     
   2.6970000000000005       -3.6953505025998932     
   2.7260000000000004       -3.1886825175229010     
   2.7550000000000003       -2.5503117061348486     
   2.7840000000000007       -1.7874109362255741     
   2.8130000000000006      -0.90978419381222653     
   2.8420000000000005        7.0203821867917376E-002
   2.8710000000000004        1.1377556990147575     
   2.9000000000000004        2.2758278849097029     
   2.9290000000000007        3.4653755730115603     
   2.9580000000000006        4.6856543229097110     
   2.9870000000000005        5.9145754312662371     
   3.0160000000000005        7.1291106288938551     
   3.0450000000000004        8.3057402128091447     
   3.0740000000000007        9.4209372780727278     
   3.1030000000000006        10.451679314885311     
   3.1320000000000006        11.375977127390112     
   3.1610000000000005        12.173409855303476     
   3.1900000000000004        12.825653862559717     
   3.2190000000000007        13.316992459654346     
   3.2480000000000007        13.634792876914897     
   3.2770000000000006        13.769936640348520     
   3.3060000000000005        13.717189564312360     
   3.3350000000000004        13.475497992192894     
   3.3640000000000008        13.048198708927956     
   3.3930000000000007        12.443131145376608     
   3.4220000000000006        11.672642094375387     
   3.4510000000000005        10.753475166547304     
   3.4800000000000004        9.7065396321794495     
   3.5090000000000008        8.5565560706034631     
   3.5380000000000007        7.3315793825144198     
   3.5670000000000006        6.0624031390857454     
   3.5960000000000005        4.7818529038079589     
   3.6250000000000004        3.5239799495093678     
   3.6540000000000008        2.3231706913957169     
   3.6830000000000007        1.2131909501526934     
   3.7120000000000006       0.22618787354593906     
   3.7410000000000005      -0.60832431557781774     
   3.7700000000000005       -1.2644655725986240     
   3.7990000000000008       -1.7209467484796050     
   3.8280000000000007       -1.9619484940945995     
   3.8570000000000007       -1.9778883164688068     
   3.8860000000000006       -1.7660417887179847     
   3.9150000000000005       -1.3309852810129996     
   3.9440000000000008      -0.68483000183687182     
   3.9730000000000008       0.15277904934509934     
   4.0020000000000007        1.1549204982902666     
   4.0310000000000006        2.2879250904297805     
   4.0600000000000005        3.5121821215670934     
   4.0890000000000004        4.7832215939206435     
   4.1180000000000003        6.0530595030686527     
   4.1470000000000011        7.2717825624968100     
   4.1760000000000010        8.3893368047920376     
   4.2050000000000010        9.3574723205947521     
   4.2340000000000009        10.131784363758925     
   4.2630000000000008        10.673779566441226     
   4.2920000000000007        10.952885638158477     
   4.3210000000000006        10.948314587891218     
   4.3500000000000005        10.650682847393909     
   4.3790000000000004        10.063289440993685     
   4.4080000000000004        9.2029532502347138     
   4.4370000000000012        8.1003165104193613     
   4.4660000000000011        6.7995316575834295     
   4.4950000000000010        5.3572650187416002     
   4.5240000000000009        3.8409728705446469     
   4.5530000000000008        2.3264344160561450     
   4.5820000000000007       0.89456042170058936     
   4.6110000000000007      -0.37246254569618031     
   4.6400000000000006       -1.3955865237512626     
   4.6690000000000005       -2.1037196497782134     
   4.6980000000000004       -2.4387394009972923     
   4.7270000000000012       -2.3604414944420569     
   4.7560000000000011       -1.8511163995135576     
   4.7850000000000010      -0.91940269921906292     
   4.8140000000000009       0.39696422917768359     
   4.8430000000000009        2.0299045782303438     
   4.8720000000000008        3.8816367886029184     
   4.9010000000000007        5.8275650804862380     
   4.9300000000000006        7.7216959085781127     
   4.9590000000000005        9.4047590529080480     
   4.9880000000000004        10.715049914084375     
   5.0170000000000012        11.501802819315344     
   5.0460000000000012        11.640643257182091     
   5.0750000000000011        11.050348217133433     
   5.1040000000000010        9.7097824402153492     
   5.1330000000000009        7.6734700929373503     
   5.1620000000000008        5.0838442305102944     
   5.1910000000000007        2.1777991196140647     
   5.2200000000000006      -0.71517891809344292     
   5.2490000000000006       -3.1862656455487013     
   5.2780000000000005       -4.7749287430197001     
   5.3070000000000013       -5.0136292856186628     
   5.3360000000000012       -3.4915182255208492     
   5.3650000000000011        6.2394388020038605E-002
   5.3940000000000010        5.6785002350807190     
   5.4230000000000009        13.033822666853666     
   5.4520000000000008        21.338043518364429     
   5.4810000000000008        29.236616231501102     
   5.5100000000000007        34.759511463344097     
   5.5390000000000006        35.357933983206749     
   5.5680000000000014        28.089684009552002     
   5.5970000000000013        10.037749871611595     
   5.6260000000000012       -20.922294870018959     
   5.6550000000000011       -64.850887134671211     
   5.6840000000000011       -117.76355090737343     
   5.7130000000000010       -168.67157402634621     
   5.7420000000000009       -195.29618799686432     
   5.7710000000000008       -158.00964656472206     
   5.8000000000000007        8.5650638043880463     
