   0.0000000000000000        1.3305997463541055E-003
   2.9000000000000005E-002   1.3521147450119367E-003
   5.8000000000000010E-002   1.3749240002335769E-003
   8.7000000000000022E-002   1.3991812994976725E-003
  0.11600000000000002        1.4250687157856307E-003
  0.14500000000000002        1.4528034374417871E-003
  0.17400000000000004        1.4826464768661113E-003
  0.20300000000000004        1.5149137664184301E-003
  0.23200000000000004        1.5499902616300867E-003
  0.26100000000000007        1.5883477962152965E-003
  0.29000000000000004        1.6305675685759301E-003
  0.31900000000000006        1.6773682828289552E-003
  0.34800000000000009        1.7296411153988490E-003
  0.37700000000000006        1.7884928267026382E-003
  0.40600000000000008        1.8552984815177079E-003
  0.43500000000000005        1.9317653757591968E-003
  0.46400000000000008        2.0200098855957774E-003
  0.49300000000000010        2.1226490507052333E-003
  0.52200000000000013        2.2429087703715166E-003
  0.55100000000000005        2.3847505223119976E-003
  0.58000000000000007        2.5530185029213953E-003
  0.60900000000000010        2.7536090275874911E-003
  0.63800000000000012        2.9936639148464388E-003
  0.66700000000000015        3.2817894029686604E-003
  0.69600000000000017        3.6283019074394170E-003
  0.72500000000000009        4.0455016190090497E-003
  0.75400000000000011        4.5479745619428514E-003
  0.78300000000000014        5.1529232794819361E-003
  0.81200000000000017        5.8805257884393036E-003
  0.84100000000000019        6.7543218489536216E-003
  0.87000000000000011        7.8016249320204106E-003
  0.89900000000000013        9.0539575415715650E-003
  0.92800000000000016        1.0547506766438047E-002
  0.95700000000000018        1.2323596109196687E-002
  0.98600000000000021        1.4429168774191562E-002
   1.0150000000000001        1.6917276708252372E-002
   1.0440000000000003        1.9847568788852764E-002
   1.0730000000000002        2.3286770661330398E-002
   1.1020000000000001        2.7309147856480091E-002
   1.1310000000000002        3.1996942990782019E-002
   1.1600000000000001        3.7440777083280065E-002
   1.1890000000000003        4.3740004336049632E-002
   1.2180000000000002        5.1003009140204787E-002
   1.2470000000000001        5.9347433607634829E-002
   1.2760000000000002        6.8900323611135253E-002
   1.3050000000000002        7.9798181162820600E-002
   1.3340000000000003        9.2186910992274496E-002
   1.3630000000000002       0.10622164942006361     
   1.3920000000000003       0.12206646407555176     
   1.4210000000000003       0.13989391369466841     
   1.4500000000000002       0.15988445816510749     
   1.4790000000000003       0.18222571017190139     
   1.5080000000000002       0.20711152124052701     
   1.5370000000000004       0.23474089667880249     
   1.5660000000000003       0.26531673587969729     
   1.5950000000000002       0.29904439665709792     
   1.6240000000000003       0.33613008473284678     
   1.6530000000000002       0.37677907215828166     
   1.6820000000000004       0.42119375131391001     
   1.7110000000000003       0.46957153415825637     
   1.7400000000000002       0.52210260955745369     
   1.7690000000000003       0.57896757478145444     
   1.7980000000000003       0.64033496055643546     
   1.8270000000000004       0.70635867236665439     
   1.8560000000000003       0.77717537394873037     
   1.8850000000000002       0.85290184205920749     
   1.9140000000000004       0.93363232456071865     
   1.9430000000000003        1.0194359365990735     
   1.9720000000000004        1.1103541320669068     
   2.0010000000000003        1.2063982896021375     
   2.0300000000000002        1.3075474539842482     
   2.0590000000000002        1.4137462749025251     
   2.0880000000000005        1.5249031856144113     
   2.1170000000000004        1.6408888639292873     
   2.1460000000000004        1.7615350171887578     
   2.1750000000000003        1.8866335314206983     
   2.2040000000000002        2.0159360225809855     
   2.2330000000000005        2.1491538247332405     
   2.2620000000000005        2.2859584461332112     
   2.2910000000000004        2.4259825194735183     
   2.3200000000000003        2.5688212670123094     
   2.3490000000000002        2.7140344949769095     
   2.3780000000000006        2.8611491245385117     
   2.4070000000000005        3.0096622588495303     
   2.4360000000000004        3.1590447771939068     
   2.4650000000000003        3.3087454383116541     
   2.4940000000000002        3.4581954655314373     
   2.5230000000000006        3.6068135766044156     
   2.5520000000000005        3.7540114112250151     
   2.5810000000000004        3.8991992993106317     
   2.6100000000000003        4.0417923033705536     
   2.6390000000000002        4.1812164589170298     
   2.6680000000000006        4.3169151280628375     
   2.6970000000000005        4.4483553734252590     
   2.7260000000000004        4.5750342524361267     
   2.7550000000000003        4.6964849263679174     
   2.7840000000000007        4.8122824740503924     
   2.8130000000000006        4.9220492975921255     
   2.8420000000000005        5.0254600066443640     
   2.8710000000000004        5.1222456690499758     
   2.9000000000000004        5.2121973192805608     
   2.9290000000000007        5.2951686220299772     
   2.9580000000000006        5.3710775968238327     
   2.9870000000000005        5.4399073205937230     
   3.0160000000000005        5.5017055389004641     
   3.0450000000000004        5.5565831328422401     
   3.0740000000000007        5.6047114075966453     
   3.1030000000000006        5.6463181898783219     
   3.1320000000000006        5.6816827451595842     
   3.1610000000000005        5.7111295510144142     
   3.1900000000000004        5.7350209901038189     
   3.2190000000000007        5.7537490546646550     
   3.2480000000000007        5.7677261834372873     
   3.2770000000000006        5.7773753811962321     
   3.3060000000000005        5.7831197998005317     
   3.3350000000000004        5.7853719872379283     
   3.3640000000000008        5.7845230367635212     
   3.3930000000000007        5.7809318911064436     
   3.4220000000000006        5.7749150759346630     
   3.4510000000000005        5.7667371515839108     
   3.4800000000000004        5.7566021813547383     
   3.5090000000000008        5.7446465178889001     
   3.5380000000000007        5.7309332050713584     
   3.5670000000000006        5.7154482810991549     
   3.5960000000000005        5.6980992478585968     
   3.6250000000000004        5.6787159421598750     
   3.6540000000000008        5.6570540051504024     
   3.6830000000000007        5.6328010971205584     
   3.7120000000000006        5.6055859460253616     
   3.7410000000000005        5.5749902493689429     
   3.7700000000000005        5.5405633713337554     
   3.7990000000000008        5.5018396910240739     
   3.8280000000000007        5.4583583642915503     
   3.8570000000000007        5.4096851630435747     
   3.8860000000000006        5.3554359533638936     
   3.9150000000000005        5.2953012702325264     
   3.9440000000000008        5.2290713447409729     
   3.9730000000000008        5.1566608424271738     
   4.0020000000000007        5.0781324828714647     
   4.0310000000000006        4.9937186346100164     
   4.0600000000000005        4.9038399201453835     
   4.0890000000000004        4.8091198284496599     
   4.1180000000000003        4.7103943207537817     
   4.1470000000000011        4.6087154354872766     
   4.1760000000000010        4.5053479540375037     
   4.2050000000000010        4.4017582851966637     
   4.2340000000000009        4.2995948673017885     
   4.2630000000000008        4.2006595754694693     
   4.2920000000000007        4.1068698613163548     
   4.3210000000000006        4.0202116427840906     
   4.3500000000000005        3.9426833045777059     
   4.3790000000000004        3.8762315606725153     
   4.4080000000000004        3.8226803669792275     
   4.4370000000000012        3.7836545450668950     
   4.4660000000000011        3.7605002792039102     
   4.4950000000000010        3.7542051630859419     
   4.5240000000000009        3.7653209824546252     
   4.5530000000000008        3.7938929067487663     
   4.5820000000000007        3.8393991935329268     
   4.6110000000000007        3.9007058641281560     
   4.6400000000000006        3.9760410417302978     
   4.6690000000000005        4.0629937228553672     
   4.6980000000000004        4.1585416317325326     
   4.7270000000000012        4.2591124401963043     
   4.7560000000000011        4.3606819743663436     
   4.7850000000000010        4.4589120223739656     
   4.8140000000000009        4.5493289640858166     
   4.8430000000000009        4.6275426077452266     
   4.8720000000000008        4.6895023236681936     
   4.9010000000000007        4.7317847722697479     
   4.9300000000000006        4.7519042412513954     
   4.9590000000000005        4.7486328582635906     
   4.9880000000000004        4.7223137851920001     
   5.0170000000000012        4.6751460410705477     
   5.0460000000000012        4.6114150132843861     
   5.0750000000000011        4.5376382316389936     
   5.1040000000000010        4.4625919641875953     
   5.1330000000000009        4.3971810833199925     
   5.1620000000000008        4.3541130726898700     
   5.1910000000000007        4.3473377831614926     
   5.2200000000000006        4.3912186081761320     
   5.2490000000000006        4.4994094026969833     
   5.2780000000000005        4.6834263177406683     
   5.3070000000000013        4.9509266945242416     
   5.3360000000000012        5.3037406917283079     
   5.3650000000000011        5.7357483546838921     
   5.3940000000000010        6.2307588472795032     
   5.4230000000000009        6.7606339668200235     
   5.4520000000000008        7.2840098514570855     
   5.4810000000000008        7.7461151647075894     
   5.5100000000000007        8.0803682483383454     
   5.5390000000000006        8.2126684124232270     
   5.5680000000000014        8.0695877081598155     
   5.5970000000000013        7.5920313739188714     
   5.6260000000000012        6.7563813316082815     
   5.6550000000000011        5.6056842285615858     
   5.6840000000000011        4.2941124138305895     
   5.7130000000000010        3.1487351555842906     
   5.7420000000000009        2.7536137930874247     
   5.7710000000000008        4.0624082540161908     
   5.8000000000000007        8.5470873079611920     
