   0.0000000000000000       0.10998407193976070     
   2.9000000000000005E-002  0.11126679524905043     
   5.8000000000000010E-002  0.11259845044519425     
   8.7000000000000022E-002  0.11398220642399945     
  0.11600000000000002       0.11542150170195353     
  0.14500000000000002       0.11692006931127609     
  0.17400000000000004       0.11848196378488270     
  0.20300000000000004       0.12011159037995918     
  0.23200000000000004       0.12181373670778423     
  0.26100000000000007       0.12359360696090529     
  0.29000000000000004       0.12545685895724309     
  0.31900000000000006       0.12740964425444490     
  0.34800000000000009       0.12945865162680950     
  0.37700000000000006       0.13161115424098921     
  0.40600000000000008       0.13387506091465345     
  0.43500000000000005       0.13625897189315117     
  0.46400000000000008       0.13877223963129512     
  0.49300000000000010       0.14142503511858803     
  0.52200000000000013       0.14422842033404568     
  0.55100000000000005       0.14719442745834477     
  0.58000000000000007       0.15033614550316471     
  0.60900000000000010       0.15366781503685764     
  0.63800000000000012       0.15720493168837418     
  0.66700000000000015       0.16096435909401427     
  0.69600000000000017       0.16496445191041587     
  0.72500000000000009       0.16922518944870341     
  0.75400000000000011       0.17376832038561907     
  0.78300000000000014       0.17861751887479374     
  0.81200000000000017       0.18379855221263133     
  0.84100000000000019       0.18933946000664492     
  0.87000000000000011       0.19527074454829246     
  0.89900000000000013       0.20162557180695370     
  0.92800000000000016       0.20843998213708967     
  0.95700000000000018       0.21575310942821108     
  0.98600000000000021       0.22360740702943346     
   1.0150000000000001       0.23204887835058302     
   1.0440000000000003       0.24112730958461406     
   1.0730000000000002       0.25089650151718690     
   1.1020000000000001       0.26141449689549168     
   1.1310000000000002       0.27274379932766796     
   1.1600000000000001       0.28495157918549585     
   1.1890000000000003       0.29810986149635288     
   1.2180000000000002       0.31229569034662541     
   1.2470000000000001       0.32759126388948012     
   1.2760000000000002       0.34408403366740403     
   1.3050000000000002       0.36186676163698811     
   1.3340000000000003       0.38103752803305518     
   1.3630000000000002       0.40169968304457310     
   1.3920000000000003       0.42396173520875063     
   1.4210000000000003       0.44793716947486317     
   1.4500000000000002       0.47374418805755747     
   1.4790000000000003       0.50150536750156394     
   1.5080000000000002       0.53134722582559601     
   1.5370000000000004       0.56339969421090508     
   1.5660000000000003       0.59779548845582042     
   1.5950000000000002       0.63466937633588527     
   1.6240000000000003       0.67415733809172895     
   1.6530000000000002       0.71639561851276012     
   1.6820000000000004       0.76151967049043234     
   1.7110000000000003       0.80966299147328180     
   1.7400000000000002       0.86095585595701651     
   1.7690000000000003       0.91552394897295286     
   1.7980000000000003       0.97348690747968858     
   1.8270000000000004        1.0349567785952394     
   1.8560000000000003        1.1000364057051690     
   1.8850000000000002        1.1688177556184083     
   1.9140000000000004        1.2413802020846632     
   1.9430000000000003        1.3177887831005000     
   1.9720000000000004        1.3980924514774187     
   2.0010000000000003        1.4823223400835341     
   2.0300000000000002        1.5704900649580757     
   2.0590000000000002        1.6625860910898800     
   2.0880000000000005        1.7585781870016521     
   2.1170000000000004        1.8584099953445861     
   2.1460000000000004        1.9619997474370225     
   2.1750000000000003        2.0692391500312932     
   2.2040000000000002        2.1799924725220898     
   2.2330000000000005        2.2940958622776546     
   2.2620000000000005        2.4113569147465093     
   2.2910000000000004        2.5315545234365104     
   2.3200000000000003        2.6544390327556830     
   2.3490000000000002        2.7797327140288219     
   2.3780000000000006        2.9071305817513005     
   2.4070000000000005        3.0363015633139256     
   2.4360000000000004        3.1668900310408548     
   2.4650000000000003        3.2985177004503718     
   2.4940000000000002        3.4307858932111239     
   2.5230000000000006        3.5632781573730545     
   2.5520000000000005        3.6955632311645399     
   2.5810000000000004        3.8271983300428594     
   2.6100000000000003        3.9577327298527147     
   2.6390000000000002        4.0867116119934055     
   2.6680000000000006        4.2136801295362778     
   2.6970000000000005        4.3381876464027895     
   2.7260000000000004        4.4597920951517001     
   2.7550000000000003        4.5780643927854472     
   2.7840000000000007        4.6925928484334358     
   2.8130000000000006        4.8029874919728721     
   2.8420000000000005        4.9088842487758457     
   2.8710000000000004        5.0099488830007148     
   2.9000000000000004        5.1058806303485520     
   2.9290000000000007        5.1964154411372210     
   2.9580000000000006        5.2813287560734663     
   2.9870000000000005        5.3604377403509584     
   3.0160000000000005        5.4336029067962057     
   3.0450000000000004        5.5007290658164587     
   3.0740000000000007        5.5617655489258162     
   3.1030000000000006        5.6167056636750319     
   3.1320000000000006        5.6655853508664045     
   3.1610000000000005        5.7084810299166033     
   3.1900000000000004        5.7455066350640456     
   3.2190000000000007        5.7768098635672560     
   3.2480000000000007        5.8025676769456780     
   3.2770000000000006        5.8229811173097419     
   3.3060000000000005        5.8382695226099601     
   3.3350000000000004        5.8486642467245371     
   3.3640000000000008        5.8544020122464682     
   3.3930000000000007        5.8557180450420114     
   3.4220000000000006        5.8528391595236791     
   3.4510000000000005        5.8459769814206322     
   3.4800000000000004        5.8353215099685753     
   3.5090000000000008        5.8210352330540527     
   3.5380000000000007        5.8032480162178910     
   3.5670000000000006        5.7820529887894727     
   3.5960000000000005        5.7575036469265850     
   3.6250000000000004        5.7296123834080612     
   3.6540000000000008        5.6983506368489749     
   3.6830000000000007        5.6636508281862499     
   3.7120000000000006        5.6254102192298170     
   3.7410000000000005        5.5834967865887917     
   3.7700000000000005        5.5377571543328266     
   3.7990000000000008        5.4880265703723632     
   3.8280000000000007        5.4341408451578586     
   3.8570000000000007        5.3759500979260890     
   3.8860000000000006        5.3133340758081324     
   3.9150000000000005        5.2462187269261076     
   3.9440000000000008        5.1745936211974328     
   3.9730000000000008        5.0985297247720247     
   4.0020000000000007        5.0181969483801225     
   4.0310000000000006        4.9338808093175714     
   4.0600000000000005        4.8459974753410719     
   4.0890000000000004        4.7551064000629495     
   4.1180000000000003        4.6619197179282352     
   4.1470000000000011        4.5673075472976024     
   4.1760000000000010        4.4722983571444672     
   4.2050000000000010        4.3780735916814706     
   4.2340000000000009        4.2859558222896226     
   4.2630000000000008        4.1973898120061506     
   4.2920000000000007        4.1139160390040104     
   4.3210000000000006        4.0371364349432781     
   4.3500000000000005        3.9686723532563803     
   4.3790000000000004        3.9101150939083027     
   4.4080000000000004        3.8629696719033291     
   4.4370000000000012        3.8285929242110797     
   4.4660000000000011        3.8081274986329845     
   4.4950000000000010        3.8024337476228993     
   4.5240000000000009        3.8120220477100020     
   4.5530000000000008        3.8369885658196381     
   4.5820000000000007        3.8769579704155603     
   4.6110000000000007        3.9310370198472810     
   4.6400000000000006        3.9977833086700230     
   4.6690000000000005        4.0751936903316164     
   4.6980000000000004        4.1607169671988231     
   4.7270000000000012        4.2512953059740539     
   4.7560000000000011        4.3434384407783000     
   4.7850000000000010        4.4333340140638029     
   4.8140000000000009        4.5169963217422264     
   4.8430000000000009        4.5904542078205850     
   4.8720000000000008        4.6499768614530694     
   4.9010000000000007        4.6923337396165152     
   4.9300000000000006        4.7150817676229053     
   4.9590000000000005        4.7168693333969713     
   4.9880000000000004        4.6977424321266881     
   5.0170000000000012        4.6594336954185565     
   5.0460000000000012        4.6056101002031937     
   5.0750000000000011        4.5420500931468268     
   5.1040000000000010        4.4767160116170999     
   5.1330000000000009        4.4196834658214357     
   5.1620000000000008        4.3828863765011192     
   5.1910000000000007        4.3796354312580661     
   5.2200000000000006        4.4238699129200540     
   5.2490000000000006        4.5291094809799688     
   5.2780000000000005        4.7070853376644664     
   5.3070000000000013        4.9660514063725714     
   5.3360000000000012        5.3088084866176359     
   5.3650000000000011        5.7305211449274793     
   5.3940000000000010        6.2164725516049657     
   5.4230000000000009        6.7399916570575442     
   5.4520000000000008        7.2609062020783313     
   5.4810000000000008        7.7250315205892548     
   5.5100000000000007        8.0654080391977914     
   5.5390000000000006        8.2062604249222204     
   5.5680000000000014        8.0709815736045130     
   5.5970000000000013        7.5958602675818838     
   5.6260000000000012        6.7517906421562657     
   5.6550000000000011        5.5768460365943611     
   5.6840000000000011        4.2233947732020169     
   5.7130000000000010        3.0244106254540384     
   5.7420000000000009        2.5848211431875825     
   5.7710000000000008        3.9051833869889379     
   5.8000000000000007        8.5467265550978482     
