   0.0000000000000000        2.5656679354255441     
   2.9000000000000005E-002   2.5607240566198746     
   5.8000000000000010E-002   2.5525438364529287     
   8.7000000000000022E-002   2.5411457345261845     
  0.11600000000000002        2.5265555683833729     
  0.14500000000000002        2.5088062761018985     
  0.17400000000000004        2.4879377295641469     
  0.20300000000000004        2.4639966134524642     
  0.23200000000000004        2.4370363790432084     
  0.26100000000000007        2.4071172765965838     
  0.29000000000000004        2.3743064655332895     
  0.31900000000000006        2.3386781976370332     
  0.34800000000000009        2.3003140652017020     
  0.37700000000000006        2.2593033033293812     
  0.40600000000000008        2.2157431334532456     
  0.43500000000000005        2.1697391335786973     
  0.46400000000000008        2.1214056196752566     
  0.49300000000000010        2.0708660220769670     
  0.52200000000000013        2.0182532406248335     
  0.55100000000000005        1.9637099625735004     
  0.58000000000000007        1.9073889279469720     
  0.60900000000000010        1.8494531280244471     
  0.63800000000000012        1.7900759239255983     
  0.66700000000000015        1.7294410738030663     
  0.69600000000000017        1.6677426588956850     
  0.72500000000000009        1.6051849006064560     
  0.75400000000000011        1.5419818628020963     
  0.78300000000000014        1.4783570356441087     
  0.81200000000000017        1.4145427994139641     
  0.84100000000000019        1.3507797689474192     
  0.87000000000000011        1.2873160214072705     
  0.89900000000000013        1.2244062121639701     
  0.92800000000000016        1.1623105854858864     
  0.95700000000000018        1.1012938885345844     
  0.98600000000000021        1.0416241987873196     
   1.0150000000000001       0.98357167644422605     
   1.0440000000000003       0.92740725460021800     
   1.0730000000000002       0.87340128095381142     
   1.1020000000000001       0.82182212557332168     
   1.1310000000000002       0.77293476973572128     
   1.1600000000000001       0.72699939108929279     
   1.1890000000000003       0.68426996036707244     
   1.2180000000000002       0.64499286459695282     
   1.2470000000000001       0.60940557122345895     
   1.2760000000000002       0.57773534678703076     
   1.3050000000000002       0.55019804281450757     
   1.3340000000000003       0.52699696037844590     
   1.3630000000000002       0.50832180340565480     
   1.3920000000000003       0.49434772928266174     
   1.4210000000000003       0.48523450364640747     
   1.4500000000000002       0.48112576449359634     
   1.4790000000000003       0.48214839892475869     
   1.5080000000000002       0.48841203399391253     
   1.5370000000000004       0.50000864129749079     
   1.5660000000000003       0.51701225314271404     
   1.5950000000000002       0.53947878642163472     
   1.6240000000000003       0.56744596871804331     
   1.6530000000000002       0.60093335972299178     
   1.6820000000000004       0.63994245976356712     
   1.7110000000000003       0.68445689618581573     
   1.7400000000000002       0.73444267750385306     
   1.7690000000000003       0.78984850465243717     
   1.7980000000000003       0.85060612837868410     
   1.8270000000000004       0.91663074179109583     
   1.8560000000000003       0.98782139735707419     
   1.8850000000000002        1.0640614382058831     
   1.9140000000000004        1.1452189344451349     
   1.9430000000000003        1.2311471163258139     
   1.9720000000000004        1.3216847974734631     
   2.0010000000000003        1.4166567830192278     
   2.0300000000000002        1.5158742592796133     
   2.0590000000000002        1.6191351636153923     
   2.0880000000000005        1.7262245352004191     
   2.1170000000000004        1.8369148496059695     
   2.1460000000000004        1.9509663422997101     
   2.1750000000000003        2.0681273283173054     
   2.2040000000000002        2.1881345274228630     
   2.2330000000000005        2.3107134059794858     
   2.2620000000000005        2.4355785484305992     
   2.2910000000000004        2.5624340726913775     
   2.3200000000000003        2.6909741048054379     
   2.3490000000000002        2.8208833288719486     
   2.3780000000000006        2.9518376284550372     
   2.4070000000000005        3.0835048353827026     
   2.4360000000000004        3.2155456010109611     
   2.4650000000000003        3.3476144036258626     
   2.4940000000000002        3.4793607036702312     
   2.5230000000000006        3.6104302559090327     
   2.5520000000000005        3.7404665844918106     
   2.5810000000000004        3.8691126231580748     
   2.6100000000000003        3.9960125186068924     
   2.6390000000000002        4.1208135903556986     
   2.6680000000000006        4.2431684353376111     
   2.6970000000000005        4.3627371601107567     
   2.7260000000000004        4.4791897179877553     
   2.7550000000000003        4.5922083227544706     
   2.7840000000000007        4.7014899050968317     
   2.8130000000000006        4.8067485725197807     
   2.8420000000000005        4.9077180285934618     
   2.8710000000000004        5.0041539030087723     
   2.9000000000000004        5.0958359402774365     
   2.9290000000000007        5.1825699922270303     
   2.9580000000000006        5.2641897578681647     
   2.9870000000000005        5.3405582139035639     
   3.0160000000000005        5.4115686803263925     
   3.0450000000000004        5.4771454683129983     
   3.0740000000000007        5.5372440621124515     
   3.1030000000000006        5.5918507929505470     
   3.1320000000000006        5.6409819711972959     
   3.1610000000000005        5.6846824531148208     
   3.1900000000000004        5.7230236305772229     
   3.2190000000000007        5.7561008458734637     
   3.2480000000000007        5.7840302492598639     
   3.2770000000000006        5.8069451337826763     
   3.3060000000000005        5.8249918000950682     
   3.3350000000000004        5.8383250228952548     
   3.3640000000000008        5.8471032100899318     
   3.3930000000000007        5.8514833651608660     
   3.4220000000000006        5.8516159819783677     
   3.4510000000000005        5.8476400188580095     
   3.4800000000000004        5.8396781144140366     
   3.5090000000000008        5.8278322207345319     
   3.5380000000000007        5.8121798391337984     
   3.5670000000000006        5.7927710492552258     
   3.5960000000000005        5.7696265228330610     
   3.6250000000000004        5.7427367082884064     
   3.6540000000000008        5.7120623606552412     
   3.6830000000000007        5.6775365727564653     
   3.7120000000000006        5.6390684370187749     
   3.7410000000000005        5.5965484330358537     
   3.7700000000000005        5.5498555932458977     
   3.7990000000000008        5.4988664480364209     
   3.8280000000000007        5.4434656927079068     
   3.8570000000000007        5.3835584519700159     
   3.8860000000000006        5.3190839445250191     
   3.9150000000000005        5.2500302718259357     
   3.9440000000000008        5.1764499724879878     
   3.9730000000000008        5.0984759001378812     
   4.0020000000000007        5.0163368992970803     
   4.0310000000000006        4.9303726746295062     
   4.0600000000000005        4.8410471771974919     
   4.0890000000000004        4.7489597708731992     
   4.1180000000000003        4.6548533965652119     
   4.1470000000000011        4.5596189277081791     
   4.1760000000000010        4.4642949100283928     
   4.2050000000000010        4.3700619091022972     
   4.2340000000000009        4.2782307539011697     
   4.2630000000000008        4.1902240700865150     
   4.2920000000000007        4.1075506444182537     
   4.3210000000000006        4.0317723593978911     
   4.3500000000000005        3.9644636819654124     
   4.3790000000000004        3.9071639899580646     
   4.4080000000000004        3.8613233656893158     
   4.4370000000000012        3.8282428851919121     
   4.4660000000000011        3.8090108664936224     
   4.4950000000000010        3.8044370156281957     
   4.5240000000000009        3.8149868989623883     
   4.5530000000000008        3.8407196694097365     
   4.5820000000000007        3.8812324531029390     
   4.6110000000000007        3.9356152414833332     
   4.6400000000000006        4.0024204913908079     
   4.6690000000000005        4.0796518894303517     
   4.6980000000000004        4.1647768244829422     
   4.7270000000000012        4.2547670025392108     
   4.7560000000000011        4.3461712690491368     
   4.7850000000000010        4.4352240178791362     
   4.8140000000000009        4.5179915148282817     
   4.8430000000000009        4.5905569751898838     
   4.8720000000000008        4.6492432677850957     
   4.9010000000000007        4.6908696261552905     
   4.9300000000000006        4.7130356903699067     
   4.9590000000000005        4.7144225941383411     
   4.9880000000000004        4.6950966579333908     
   5.0170000000000012        4.6567966256352520     
   5.0460000000000012        4.6031804294125322     
   5.0750000000000011        4.5400023834899912     
   5.1040000000000010        4.4751867995364591     
   5.1330000000000009        4.4187597460440884     
   5.1620000000000008        4.3825976211846864     
   5.1910000000000007        4.3799501766079629     
   5.2200000000000006        4.4246977194488863     
   5.2490000000000006        4.5303087227439391     
   5.2780000000000005        4.7084767985506915     
   5.3070000000000013        4.9674370975335478     
   5.3360000000000012        5.3099943980632816     
   5.3650000000000011        5.7313419414276723     
   5.3940000000000010        6.2168154769460671     
   5.4230000000000009        6.7398162963072537     
   5.4520000000000008        7.2602563046966679     
   5.4810000000000008        7.7240350580541417     
   5.5100000000000007        8.0642621305887587     
   5.5390000000000006        8.2051991088374052     
   5.5680000000000014        8.0702268393943086     
   5.5970000000000013        7.5955606565112248     
   5.6260000000000012        6.7519576195045374     
   5.6550000000000011        5.5773065978428349     
   5.6840000000000011        4.2237901376793161     
   5.7130000000000010        3.0242858145502396     
   5.7420000000000009        2.5838697958970442     
   5.7710000000000008        3.9037368107819930     
   5.8000000000000007        8.5466068326495588     
