   0.0000000000000000        2.2073865158049610     
   2.9000000000000005E-002   2.6073332060497880     
   5.8000000000000010E-002   2.8880610047190065     
   8.7000000000000022E-002   3.0694601189399107     
  0.11600000000000002        3.1691372499216284     
  0.14500000000000002        3.2025912350730477     
  0.17400000000000004        3.1833810456440390     
  0.20300000000000004        3.1232861901575384     
  0.23200000000000004        3.0324595826842287     
  0.26100000000000007        2.9195729438114020     
  0.29000000000000004        2.7919548110046035     
  0.31900000000000006        2.6557212439764535     
  0.34800000000000009        2.5158993196728283     
  0.37700000000000006        2.3765435205651073     
  0.40600000000000008        2.2408451290915110     
  0.43500000000000005        2.1112347503065148     
  0.46400000000000008        1.9894780940521468     
  0.49300000000000010        1.8767651572299802     
  0.52200000000000013        1.7737929559914054     
  0.55100000000000005        1.6808419668354304     
  0.58000000000000007        1.5978464446608158     
  0.60900000000000010        1.5244587947116486     
  0.63800000000000012        1.4601081840278964     
  0.66700000000000015        1.4040535864066590     
  0.69600000000000017        1.3554314629355699     
  0.72500000000000009        1.3132982878150559     
  0.75400000000000011        1.2766681363782395     
  0.78300000000000014        1.2445455588820744     
  0.81200000000000017        1.2159539697202779     
  0.84100000000000019        1.1899597871340337     
  0.87000000000000011        1.1656925632140509     
  0.89900000000000013        1.1423613479384171     
  0.92800000000000016        1.1192675341244376     
  0.95700000000000018        1.0958144324385186     
  0.98600000000000021        1.0715138269658633     
   1.0150000000000001        1.0459897622488084     
   1.0440000000000003        1.0189798121319333     
   1.0730000000000002       0.99033407917542837     
   1.1020000000000001       0.96001217079862133     
   1.1310000000000002       0.92807839468367781     
   1.1600000000000001       0.89469541130227848     
   1.1890000000000003       0.86011657573318800     
   1.2180000000000002       0.82467719422828911     
   1.2470000000000001       0.78878491328780087     
   1.2760000000000002       0.75290945035064316     
   1.3050000000000002       0.71757186563382014     
   1.3340000000000003       0.68333356422603031     
   1.3630000000000002       0.65078520629771242     
   1.3920000000000003       0.62053569131773201     
   1.4210000000000003       0.59320136952920033     
   1.4500000000000002       0.56939562072879546     
   1.4790000000000003       0.54971892668019795     
   1.5080000000000002       0.53474954941717845     
   1.5370000000000004       0.52503491329644447     
   1.5660000000000003       0.52108377410503515     
   1.5950000000000002       0.52335924389064814     
   1.6240000000000003       0.53227272558720384     
   1.6530000000000002       0.54817879707630734     
   1.6820000000000004       0.57137107015063449     
   1.7110000000000003       0.60207903607089897     
   1.7400000000000002       0.64046589612375615     
   1.7690000000000003       0.68662736290719673     
   1.7980000000000003       0.74059140611294128     
   1.8270000000000004       0.80231890540867301     
   1.8560000000000003       0.87170516278126142     
   1.8850000000000002       0.94858221742908111     
   1.9140000000000004        1.0327218980709105     
   1.9430000000000003        1.1238395404694070     
   1.9720000000000004        1.2215982920321216     
   2.0010000000000003        1.3256139206607502     
   2.0300000000000002        1.4354600415498555     
   2.0590000000000002        1.5506736734084119     
   2.0880000000000005        1.6707610346380972     
   2.1170000000000004        1.7952034902231870     
   2.1460000000000004        1.9234635615721629     
   2.1750000000000003        2.0549909141430764     
   2.2040000000000002        2.1892282414042654     
   2.2330000000000005        2.3256169683596224     
   2.2620000000000005        2.4636027035461465     
   2.2910000000000004        2.6026403748352109     
   2.3200000000000003        2.7421989915859428     
   2.3490000000000002        2.8817659834382998     
   2.3780000000000006        3.0208510742953636     
   2.4070000000000005        3.1589896585702824     
   2.4360000000000004        3.2957456555869014     
   2.4650000000000003        3.4307138267610817     
   2.4940000000000002        3.5635215489301091     
   2.5230000000000006        3.6938300456761639     
   2.5520000000000005        3.8213350865784106     
   2.5810000000000004        3.9457671719614589     
   2.6100000000000003        4.0668912277147733     
   2.6390000000000002        4.1845058410308287     
   2.6680000000000006        4.2984420734483084     
   2.6970000000000005        4.4085618921560839     
   2.7260000000000004        4.5147562642138475     
   2.7550000000000003        4.6169429611626693     
   2.7840000000000007        4.7150641230067256     
   2.8130000000000006        4.8090836316765175     
   2.8420000000000005        4.8989843436200031     
   2.8710000000000004        4.9847652302663752     
   2.9000000000000004        5.0664384733238226     
   2.9290000000000007        5.1440265592016221     
   2.9580000000000006        5.2175594137734462     
   2.9870000000000005        5.2870716151412447     
   3.0160000000000005        5.3525997180381060     
   3.0450000000000004        5.4141797195934540     
   3.0740000000000007        5.4718446919899399     
   3.1030000000000006        5.5256226037983085     
   3.1320000000000006        5.5755343480799588     
   3.1610000000000005        5.6215919924688134     
   3.1900000000000004        5.6637972638170666     
   3.2190000000000007        5.7021402784692139     
   3.2480000000000007        5.7365985281729861     
   3.2770000000000006        5.7671361317456000     
   3.3060000000000005        5.7937033635010007     
   3.3350000000000004        5.8162364710359018     
   3.3640000000000008        5.8346577976390641     
   3.3930000000000007        5.8488762276739541     
   3.4220000000000006        5.8587879767648161     
   3.4510000000000005        5.8642777525863066     
   3.4800000000000004        5.8652203155858365     
   3.5090000000000008        5.8614824721836660     
   3.5380000000000007        5.8529255355165155     
   3.5670000000000006        5.8394082894266095     
   3.5960000000000005        5.8207904911565240     
   3.6250000000000004        5.7969369445440417     
   3.6540000000000008        5.7677221702141894     
   3.6830000000000007        5.7330356897763570     
   3.7120000000000006        5.6927879283148144     
   3.7410000000000005        5.6469167224931605     
   3.7700000000000005        5.5953944006543015     
   3.7990000000000008        5.5382353748513067     
   3.8280000000000007        5.4755041550936605     
   3.8570000000000007        5.4073236610986175     
   3.8860000000000006        5.3338836683110316     
   3.9150000000000005        5.2554491830182846     
   3.9440000000000008        5.1723684975328137     
   3.9730000000000008        5.0850806308794168     
   4.0020000000000007        4.9941218157685050     
   4.0310000000000006        4.9001306505230673     
   4.0600000000000005        4.8038514974738673     
   4.0890000000000004        4.7061356785852464     
   4.1180000000000003        4.6079400002716753     
   4.1470000000000011        4.5103221329078425     
   4.1760000000000010        4.4144323822557201     
   4.2050000000000010        4.3215014202110318     
   4.2340000000000009        4.2328236022422780     
   4.2630000000000008        4.1497355779187979     
   4.2920000000000007        4.0735900213477754     
   4.3210000000000006        4.0057244535591661     
   4.3500000000000005        3.9474253170498219     
   4.3790000000000004        3.8998876820089130     
   4.4080000000000004        3.8641712241939814     
   4.4370000000000012        3.8411534066102284     
   4.4660000000000011        3.8314811183534090     
   4.4950000000000010        3.8355223740769233     
   4.5240000000000009        3.8533200340418929     
   4.5530000000000008        3.8845498681685910     
   4.5820000000000007        3.9284856318301777     
   4.6110000000000007        3.9839741300387246     
   4.6400000000000006        4.0494234932420028     
   4.6690000000000005        4.1228080407549044     
   4.6980000000000004        4.2016931400514181     
   4.7270000000000012        4.2832833294769870     
   4.7560000000000011        4.3644966256652964     
   4.7850000000000010        4.4420673456101554     
   4.8140000000000009        4.5126788679031620     
   4.8430000000000009        4.5731265122601030     
   4.8720000000000008        4.6205090838367937     
   4.9010000000000007        4.6524455661744923     
   4.9300000000000006        4.6673109304164768     
   4.9590000000000005        4.6644820681764259     
   4.9880000000000004        4.6445814592927945     
   5.0170000000000012        4.6097024039934240     
   5.0460000000000012        4.5635956359367356     
   5.0750000000000011        4.5117929956958278     
   5.1040000000000010        4.4616399111698684     
   5.1330000000000009        4.4222050345056232     
   5.1620000000000008        4.4040330295031254     
   5.1910000000000007        4.4187058988593435     
   5.2200000000000006        4.4781802521172267     
   5.2490000000000006        4.5938736742464243     
   5.2780000000000005        4.7754844058276831     
   5.3070000000000013        5.0295466367588233     
   5.3360000000000012        5.3577512405267953     
   5.3650000000000011        5.7551015929138885     
   5.3940000000000010        6.2080297230168071     
   5.4230000000000009        6.6926738180864049     
   5.4520000000000008        7.1736193069245928     
   5.4810000000000008        7.6035386500207096     
   5.5100000000000007        7.9243374769594084     
   5.5390000000000006        8.0706356843365938     
   5.5680000000000014        7.9766929695979343     
   5.5970000000000013        7.5882415806627250     
   5.6260000000000012        6.8811308902986639     
   5.6550000000000011        5.8892365621395584     
   5.6840000000000011        4.7447634282689251     
   5.7130000000000010        3.7349010897378321     
   5.7420000000000009        3.3798041676709545     
   5.7710000000000008        4.5381001557034324     
   5.8000000000000007        8.5476167999149766     
