  -2.0000000000000000        2.5343495487831293     
  -1.3999999999999999        5.1154997586562612     
 -0.80000000000000004        4.9775486955734083     
 -0.20000000000000018        5.6752230089938545     
  0.39999999999999991        7.1174062967791301     
   1.0000000000000000        5.1038496564897589     
   1.5999999999999996        4.3850579649461068     
   2.2000000000000002        3.3022917632707984     
   2.7999999999999998        4.9141512148430895     
   3.3999999999999995        5.2191564494886071     
   4.0000000000000000        4.9267394474268169     
   4.5999999999999996        6.4384062371992732     
   5.1999999999999993        7.7876334351273258     
   5.7999999999999998        7.9745788489582718     
   6.4000000000000004        9.3156416902416730     
   7.0000000000000000        9.1612253261141028     
   7.5999999999999996        7.9692867804992993     
   8.1999999999999993        8.3537658448937453     
   8.7999999999999989        7.7079720921676715     
   9.4000000000000004        8.1706015233607250     
   10.000000000000000        8.3795794597360675     
