           0  -2.0000000000000000        10.000000000000000     
           1  -1.9600000000000000        8.9978585599999992     
           2  -1.9199999999999999        8.0692889599999962     
           3  -1.8799999999999999        7.2111193599999979     
           4  -1.8400000000000001        6.4202393600000009     
           5  -1.8000000000000000        5.6936000000000000     
           6  -1.7600000000000000        5.0282137599999999     
           7  -1.7200000000000000        4.4211545599999997     
           8  -1.6799999999999999        3.8695577600000002     
           9  -1.6400000000000001        3.3706201600000014     
          10  -1.6000000000000001        2.9216000000000002     
          11  -1.5600000000000001        2.5198169600000009     
          12  -1.5200000000000000        2.1626521599999995     
          13  -1.4800000000000000        1.8475481600000005     
          14  -1.4399999999999999        1.5720089599999998     
          15  -1.3999999999999999        1.3336000000000001     
          16  -1.3599999999999999        1.1299481599999992     
          17  -1.3199999999999998       0.95874176000000055     
          18  -1.2800000000000000       0.81773055999999977     
          19  -1.2400000000000000       0.70472575999999965     
          20  -1.2000000000000000       0.61759999999999948     
          21  -1.1600000000000001       0.55428735999999978     
          22  -1.1200000000000001       0.51278336000000047     
          23  -1.0800000000000001       0.49114496000000030     
          24  -1.0400000000000000       0.48749055999999968     
          25  -1.0000000000000000       0.50000000000000000     
          26 -0.95999999999999996       0.52691455999999959     
          27 -0.91999999999999993       0.56653696000000042     
          28 -0.87999999999999989       0.61723136000000012     
          29 -0.84000000000000008       0.67742335999999981     
          30 -0.80000000000000004       0.74559999999999982     
          31 -0.76000000000000001       0.82030975999999989     
          32 -0.71999999999999997       0.90016256000000006     
          33 -0.67999999999999994       0.98382976000000011     
          34 -0.63999999999999990        1.0700441600000001     
          35 -0.59999999999999987        1.1576000000000004     
          36 -0.56000000000000005        1.2453529600000000     
          37 -0.52000000000000002        1.3322201599999999     
          38 -0.47999999999999998        1.4171801600000000     
          39 -0.43999999999999995        1.4992729599999999     
          40 -0.39999999999999991        1.5776000000000003     
          41 -0.35999999999999988        1.6513241600000002     
          42 -0.32000000000000006        1.7196697599999997     
          43 -0.28000000000000003        1.7819225599999999     
          44 -0.23999999999999999        1.8374297600000000     
          45 -0.19999999999999996        1.8856000000000002     
          46 -0.15999999999999992        1.9259033600000002     
          47 -0.11999999999999988        1.9578713600000002     
          48  -8.0000000000000071E-002   1.9810969599999999     
          49  -4.0000000000000036E-002   1.9952345600000001     
          50   0.0000000000000000        2.0000000000000000     
          51   4.0000000000000036E-002   1.9951705600000000     
          52   8.0000000000000071E-002   1.9805849599999998     
          53  0.12000000000000011        1.9561433600000000     
          54  0.16000000000000014        1.9218073599999999     
          55  0.20000000000000018        1.8775999999999999     
          56  0.24000000000000021        1.8236057599999997     
          57  0.28000000000000025        1.7599705599999995     
          58  0.31999999999999984        1.6869017600000002     
          59  0.35999999999999988        1.6046681600000001     
          60  0.39999999999999991        1.5136000000000003     
          61  0.43999999999999995        1.4140889600000000     
          62  0.47999999999999998        1.3065881600000000     
          63  0.52000000000000002        1.1916121600000000     
          64  0.56000000000000005        1.0697369600000000     
          65  0.60000000000000009       0.94159999999999966     
          66  0.64000000000000012       0.80790015999999953     
          67  0.68000000000000016       0.66939775999999940     
          68  0.72000000000000020       0.52691455999999914     
          69  0.76000000000000023       0.38133375999999919     
          70  0.80000000000000027       0.23359999999999898     
          71  0.83999999999999986        8.4719360000000243E-002
          72  0.87999999999999989       -6.4240639999999738E-002
          73  0.91999999999999993      -0.21215103999999940     
          74  0.95999999999999996      -0.35782144000000016     
          75   1.0000000000000000      -0.50000000000000000     
          76   1.0400000000000000      -0.63737344000000040     
          77   1.0800000000000001      -0.76856703999999998     
          78   1.1200000000000001      -0.89214463999999971     
          79   1.1600000000000001       -1.0066086400000007     
          80   1.2000000000000002       -1.1104000000000003     
          81   1.2400000000000002       -1.2018982400000007     
          82   1.2800000000000002       -1.2794214400000006     
          83   1.3200000000000003       -1.3412262400000006     
          84   1.3599999999999999       -1.3855078399999998     
          85   1.3999999999999999       -1.4103999999999997     
          86   1.4399999999999999       -1.4139750400000004     
          87   1.4800000000000000       -1.3942438399999997     
          88   1.5200000000000000       -1.3491558400000008     
          89   1.5600000000000001       -1.2765990399999998     
          90   1.6000000000000001       -1.1744000000000003     
          91   1.6400000000000001       -1.0403238399999992     
          92   1.6800000000000002      -0.87207423999999989     
          93   1.7200000000000002      -0.66729343999999813     
          94   1.7600000000000002      -0.42356223999999898     
          95   1.8000000000000003      -0.13839999999999719     
          96   1.8399999999999999       0.19073535999999969     
          97   1.8799999999999999       0.56644735999999796     
          98   1.9199999999999999       0.99140095999999822     
          99   1.9600000000000000        1.4683225599999989     
         100   2.0000000000000000        2.0000000000000000     
