   1.0000000000000000                            NaN
   1.0049999999999999                            NaN
   1.0100000000000000                            NaN
   1.0149999999999999                            NaN
   1.0200000000000000                            NaN
   1.0249999999999999                            NaN
   1.0300000000000000                            NaN
   1.0349999999999999                            NaN
   1.0400000000000000                            NaN
   1.0449999999999999                            NaN
   1.0500000000000000                            NaN
   1.0549999999999999                            NaN
   1.0600000000000001                            NaN
   1.0649999999999999                            NaN
   1.0700000000000001                            NaN
   1.0750000000000000                            NaN
   1.0800000000000001                            NaN
   1.0850000000000000                            NaN
   1.0900000000000001                            NaN
   1.0950000000000000                            NaN
   1.1000000000000001                            NaN
   1.1050000000000000                            NaN
   1.1100000000000001                            NaN
   1.1150000000000000                            NaN
   1.1200000000000001                            NaN
   1.1250000000000000                            NaN
   1.1299999999999999                            NaN
   1.1350000000000000                            NaN
   1.1400000000000001                            NaN
   1.1450000000000000                            NaN
   1.1499999999999999                            NaN
   1.1550000000000000                            NaN
   1.1599999999999999                            NaN
   1.1650000000000000                            NaN
   1.1699999999999999                            NaN
   1.1750000000000000                            NaN
   1.1799999999999999                            NaN
   1.1850000000000001                            NaN
   1.1899999999999999                            NaN
   1.1950000000000001                            NaN
   1.2000000000000000                            NaN
   1.2050000000000001                            NaN
   1.2100000000000000                            NaN
   1.2150000000000001                            NaN
   1.2200000000000000                            NaN
   1.2250000000000001                            NaN
   1.2300000000000000                            NaN
   1.2350000000000001                            NaN
   1.2400000000000000                            NaN
   1.2450000000000001                            NaN
   1.2500000000000000                            NaN
   1.2549999999999999                            NaN
   1.2600000000000000                            NaN
   1.2650000000000001                            NaN
   1.2700000000000000                            NaN
   1.2749999999999999                            NaN
   1.2800000000000000                            NaN
   1.2850000000000001                            NaN
   1.2900000000000000                            NaN
   1.2949999999999999                            NaN
   1.3000000000000000                            NaN
   1.3049999999999999                            NaN
   1.3100000000000001                            NaN
   1.3149999999999999                            NaN
   1.3200000000000001                            NaN
   1.3250000000000000                            NaN
   1.3300000000000001                            NaN
   1.3350000000000000                            NaN
   1.3400000000000001                            NaN
   1.3450000000000000                            NaN
   1.3500000000000001                            NaN
   1.3550000000000000                            NaN
   1.3599999999999999                            NaN
   1.3650000000000000                            NaN
   1.3700000000000001                            NaN
   1.3750000000000000                            NaN
   1.3799999999999999                            NaN
   1.3850000000000000                            NaN
   1.3900000000000001                            NaN
   1.3950000000000000                            NaN
   1.3999999999999999                            NaN
   1.4050000000000000                            NaN
   1.4100000000000001                            NaN
   1.4150000000000000                            NaN
   1.4199999999999999                            NaN
   1.4250000000000000                            NaN
   1.4299999999999999                            NaN
   1.4350000000000001                            NaN
   1.4399999999999999                            NaN
   1.4450000000000001                            NaN
   1.4500000000000000                            NaN
   1.4550000000000001                            NaN
   1.4600000000000000                            NaN
   1.4650000000000001                            NaN
   1.4700000000000000                            NaN
   1.4750000000000001                            NaN
   1.4800000000000000                            NaN
   1.4849999999999999                            NaN
   1.4900000000000000                            NaN
   1.4950000000000001                            NaN
   1.5000000000000000                            NaN
   1.5049999999999999                            NaN
   1.5100000000000000                            NaN
   1.5150000000000001                            NaN
   1.5200000000000000                            NaN
   1.5249999999999999                            NaN
   1.5300000000000000                            NaN
   1.5350000000000001                            NaN
   1.5400000000000000                            NaN
   1.5449999999999999                            NaN
   1.5500000000000000                            NaN
   1.5550000000000002                            NaN
   1.5600000000000001                            NaN
   1.5649999999999999                            NaN
   1.5700000000000001                            NaN
   1.5750000000000002                            NaN
   1.5800000000000001                            NaN
   1.5850000000000000                            NaN
   1.5899999999999999                            NaN
   1.5950000000000000                            NaN
   1.6000000000000001                            NaN
   1.6050000000000000                            NaN
   1.6099999999999999                            NaN
   1.6150000000000000                            NaN
   1.6200000000000001                            NaN
   1.6250000000000000                            NaN
   1.6299999999999999                            NaN
   1.6350000000000000                            NaN
   1.6400000000000001                            NaN
   1.6450000000000000                            NaN
   1.6499999999999999                            NaN
   1.6550000000000000                            NaN
   1.6600000000000001                            NaN
   1.6650000000000000                            NaN
   1.6699999999999999                            NaN
   1.6750000000000000                            NaN
   1.6800000000000002                            NaN
   1.6850000000000001                            NaN
   1.6899999999999999                            NaN
   1.6950000000000001                            NaN
   1.7000000000000002                            NaN
   1.7050000000000001                            NaN
   1.7100000000000000                            NaN
   1.7149999999999999                            NaN
   1.7200000000000000                            NaN
   1.7250000000000001                            NaN
   1.7300000000000000                            NaN
   1.7349999999999999                            NaN
   1.7400000000000000                            NaN
   1.7450000000000001                            NaN
   1.7500000000000000                            NaN
   1.7549999999999999                            NaN
   1.7600000000000000                            NaN
   1.7650000000000001                            NaN
   1.7700000000000000                            NaN
   1.7749999999999999                            NaN
   1.7800000000000000                            NaN
   1.7850000000000001                            NaN
   1.7900000000000000                            NaN
   1.7949999999999999                            NaN
   1.8000000000000000                            NaN
   1.8050000000000002                            NaN
   1.8100000000000001                            NaN
   1.8149999999999999                            NaN
   1.8200000000000001                            NaN
   1.8250000000000002                            NaN
   1.8300000000000001                            NaN
   1.8350000000000000                            NaN
   1.8399999999999999                            NaN
   1.8450000000000000                            NaN
   1.8500000000000001                            NaN
   1.8550000000000000                            NaN
   1.8599999999999999                            NaN
   1.8650000000000000                            NaN
   1.8700000000000001                            NaN
   1.8750000000000000                            NaN
   1.8799999999999999                            NaN
   1.8850000000000000                            NaN
   1.8900000000000001                            NaN
   1.8950000000000000                            NaN
   1.8999999999999999                            NaN
   1.9050000000000000                            NaN
   1.9100000000000001                            NaN
   1.9150000000000000                            NaN
   1.9199999999999999                            NaN
   1.9250000000000000                            NaN
   1.9300000000000002                            NaN
   1.9350000000000001                            NaN
   1.9399999999999999                            NaN
   1.9450000000000001                            NaN
   1.9500000000000002                            NaN
   1.9550000000000001                            NaN
   1.9600000000000000                            NaN
   1.9649999999999999                            NaN
   1.9700000000000000                            NaN
   1.9750000000000001                            NaN
   1.9800000000000000                            NaN
   1.9849999999999999                            NaN
   1.9900000000000000                            NaN
   1.9950000000000001                            NaN
   2.0000000000000000                            NaN
