   0.0000000000000000        2.2223463628461060     
  0.20000000000000001        3.1085539192368494     
  0.40000000000000002        2.0834224145136759     
  0.60000000000000009        2.1285460415910560     
  0.80000000000000004       0.86309081590084247     
   1.0000000000000000       0.56381564654021077     
   1.2000000000000002        1.1826110318065719     
   1.4000000000000001        1.3265910335154931     
   1.6000000000000001        8.5628958270497657E-002
   1.8000000000000000       0.20579779159769318     
   2.0000000000000000        1.7516009763186957     
   2.2000000000000002        1.8859834522387104     
   2.4000000000000004        3.5619690954889771     
   2.6000000000000001        4.1196401868063504     
   2.8000000000000003        4.5136761678400772     
   3.0000000000000000        5.0986823113378730     
   3.2000000000000002        5.6706236599794577     
   3.4000000000000004        5.9242301355313778     
   3.6000000000000001        6.6768842494513194     
   3.8000000000000003        4.4163311474430742     
   4.0000000000000000        5.1968631072503602     
   4.2000000000000002        4.7432204933414743     
   4.4000000000000004        3.5321238908585153     
   4.6000000000000005        4.3402302028928634     
   4.8000000000000007        3.9197715266074700     
   5.0000000000000000        5.1348128654319645     
   5.2000000000000002        4.1676889324561488     
   5.4000000000000004        6.3875179838024474     
   5.6000000000000005        7.5150134017770061     
   5.8000000000000007        8.5475153432541369     
