  -3.0000000000000000        5.0129872020334005     
  -2.9900000000000002        4.8865345750045002     
  -2.9800000000000000        4.7615324242572798     
  -2.9700000000000002        4.6379691686661246     
  -2.9600000000000000        4.5158332939778578     
  -2.9500000000000002        4.3951133526118085     
  -2.9399999999999999        4.2757979634597429     
  -2.9300000000000002        4.1578758116859280     
  -2.9199999999999999        4.0413356485270793     
  -2.9100000000000001        3.9261662910924078     
  -2.8999999999999999        3.8123566221635783     
  -2.8900000000000001        3.6998955899947519     
  -2.8799999999999999        3.5887722081125482     
  -2.8700000000000001        3.4789755551160786     
  -2.8599999999999999        3.3704947744769163     
  -2.8500000000000001        3.2633190743391358     
  -2.8399999999999999        3.1574377273192646     
  -2.8300000000000001        3.0528400703063365     
  -2.8199999999999998        2.9495155042618464     
  -2.8100000000000001        2.8474534940197884     
  -2.7999999999999998        2.7466435680866224     
  -2.7900000000000000        2.6470753184413125     
  -2.7799999999999998        2.5487384003352860     
  -2.7700000000000000        2.4516225320924763     
  -2.7599999999999998        2.3557174949092863     
  -2.7500000000000000        2.2610131326546252     
  -2.7400000000000002        2.1674993516698722     
  -2.7300000000000000        2.0751661205689023     
  -2.7199999999999998        1.9840034700380844     
  -2.7100000000000000        1.8940014926362794     
  -2.7000000000000002        1.8051503425948336     
  -2.6899999999999999        1.7174402356175855     
  -2.6800000000000002        1.6308614486808783     
  -2.6699999999999999        1.5454043198335339     
  -2.6600000000000001        1.4610592479968858     
  -2.6499999999999999        1.3778166927647473     
  -2.6400000000000001        1.2956671742034465     
  -2.6299999999999999        1.2146012726517903     
  -2.6200000000000001        1.1346096285211040     
  -2.6099999999999999        1.0556829420951914     
  -2.6000000000000001       0.97781197333037939     
  -2.5899999999999999       0.90098754165547446     
  -2.5800000000000001       0.82520052577180536     
  -2.5699999999999998       0.75044186345318487     
  -2.5600000000000001       0.67670255134594770     
  -2.5499999999999998       0.60397364476891746     
  -2.5400000000000000       0.53224625751343635     
  -2.5299999999999998       0.46151156164334206     
  -2.5200000000000000       0.39176078729498953     
  -2.5099999999999998       0.32298522247723360     
  -2.5000000000000000       0.25517621287144721     
  -2.4900000000000002       0.18832516163150492     
  -2.4800000000000000       0.12242352918379229     
  -2.4699999999999998        5.7462833027212445E-002
  -2.4600000000000000       -6.5653524668196628E-003
  -2.4500000000000002       -6.9669396254378180E-002
  -2.4399999999999999      -0.13185761081902836     
  -2.4299999999999997      -0.19313825237180993     
  -2.4199999999999999      -0.25351952105124931     
  -2.4100000000000001      -0.31300956112336098     
  -2.3999999999999999      -0.37161646118164127     
  -2.3900000000000001      -0.42934825434705970     
  -2.3799999999999999      -0.48621291846807724     
  -2.3700000000000001      -0.54221837632062519     
  -2.3599999999999999      -0.59737249580812191     
  -2.3500000000000001      -0.65168309016145520     
  -2.3399999999999999      -0.70515791813900108     
  -2.3300000000000001      -0.75780468422659730     
  -2.3199999999999998      -0.80963103883757093     
  -2.3100000000000001      -0.86064457851271392     
  -2.2999999999999998      -0.91085284612029871     
  -2.2900000000000000      -0.96026333105606376     
  -2.2800000000000002       -1.0088834694432254     
  -2.2700000000000000       -1.0567206443324708     
  -2.2599999999999998       -1.1037821859019532     
  -2.2500000000000000       -1.1500753716572945     
  -2.2400000000000002       -1.1956074266315908     
  -2.2300000000000000       -1.2403855235854044     
  -2.2199999999999998       -1.2844167832067619     
  -2.2100000000000000       -1.3277082743111546     
  -2.2000000000000002       -1.3702670140415423     
  -2.1899999999999999       -1.4120999680683504     
  -2.1799999999999997       -1.4532140507894624     
  -2.1699999999999999       -1.4936161255302258     
  -2.1600000000000001       -1.5333130047434533     
  -2.1499999999999999       -1.5723114502094169     
  -2.1400000000000001       -1.6106181732358438     
  -2.1299999999999999       -1.6482398348579266     
  -2.1200000000000001       -1.6851830460383117     
  -2.1099999999999999       -1.7214543678671064     
  -2.1000000000000001       -1.7570603117618702     
  -2.0899999999999999       -1.7920073396676242     
  -2.0800000000000001       -1.8263018642568358     
  -2.0699999999999998       -1.8599502491294351     
  -2.0600000000000001       -1.8929588090127978     
  -2.0499999999999998       -1.9253338099617570     
  -2.0400000000000000       -1.9570814695585947     
  -2.0300000000000002       -1.9882079571130435     
  -2.0200000000000000       -2.0187193938622867     
  -2.0099999999999998       -2.0486218531709546     
  -2.0000000000000000       -2.0779213607311249     
  -1.9900000000000000       -2.1066238947623255     
  -1.9800000000000000       -2.1347353862115268     
  -1.9700000000000000       -2.1622617189531481     
  -1.9600000000000000       -2.1892087299890495     
  -1.9500000000000000       -2.2155822096485349     
  -1.9399999999999999       -2.2413879017883556     
  -1.9299999999999999       -2.2666315039926985     
  -1.9199999999999999       -2.2913186677731932     
  -1.9099999999999999       -2.3154549987689133     
  -1.8999999999999999       -2.3390460569463665     
  -1.8899999999999999       -2.3620973567995032     
  -1.8799999999999999       -2.3846143675497067     
  -1.8699999999999999       -2.4066025133458009     
  -1.8599999999999999       -2.4280671734640418     
  -1.8499999999999999       -2.4490136825081259     
  -1.8400000000000001       -2.4694473306091766     
  -1.8300000000000001       -2.4893733636257562     
  -1.8200000000000001       -2.5087969833438573     
  -1.8100000000000001       -2.5277233476769037     
  -1.8000000000000000       -2.5461575708657507     
  -1.7900000000000000       -2.5641047236786818     
  -1.7800000000000000       -2.5815698336114083     
  -1.7700000000000000       -2.5985578850870747     
  -1.7600000000000000       -2.6150738196562497     
  -1.7500000000000000       -2.6311225361969264     
  -1.7400000000000000       -2.6467088911145251     
  -1.7300000000000000       -2.6618376985418921     
  -1.7200000000000000       -2.6765137305392921     
  -1.7100000000000000       -2.6907417172944204     
  -1.7000000000000000       -2.7045263473223891     
  -1.6899999999999999       -2.7178722676657330     
  -1.6799999999999999       -2.7307840840944069     
  -1.6699999999999999       -2.7432663613057837     
  -1.6599999999999999       -2.7553236231246565     
  -1.6499999999999999       -2.7669603527032356     
  -1.6399999999999999       -2.7781809927211505     
  -1.6299999999999999       -2.7889899455854423     
  -1.6199999999999999       -2.7993915736305688     
  -1.6099999999999999       -2.8093901993184036     
  -1.5999999999999999       -2.8189901054382323     
  -1.5900000000000001       -2.8281955353067536     
  -1.5800000000000001       -2.8370106929680765     
  -1.5700000000000001       -2.8454397433937237     
  -1.5600000000000001       -2.8534868126826254     
  -1.5500000000000000       -2.8611559882611215     
  -1.5400000000000000       -2.8684513190829595     
  -1.5300000000000000       -2.8753768158292941     
  -1.5200000000000000       -2.8819364511086882     
  -1.5100000000000000       -2.8881341596571102     
  -1.5000000000000000       -2.8939738385379314     
  -1.4900000000000000       -2.8994593473419283     
  -1.4800000000000000       -2.9045945083872811     
  -1.4700000000000000       -2.9093831069195693     
  -1.4600000000000000       -2.9138288913117765     
  -1.4500000000000000       -2.9179355732642867     
  -1.4399999999999999       -2.9217068280048828     
  -1.4299999999999999       -2.9251462944887461     
  -1.4199999999999999       -2.9282575755984550     
  -1.4099999999999999       -2.9310442383439868     
  -1.3999999999999999       -2.9335098140627145     
  -1.3899999999999999       -2.9356577986194057     
  -1.3799999999999999       -2.9374916526062229     
  -1.3699999999999999       -2.9390148015427222     
  -1.3599999999999999       -2.9402306360758512     
  -1.3499999999999999       -2.9411425121799519     
  -1.3399999999999999       -2.9417537513567544     
  -1.3300000000000001       -2.9420676408353814     
  -1.3200000000000001       -2.9420874337723433     
  -1.3100000000000001       -2.9418163494515399     
  -1.3000000000000000       -2.9412575734842568     
  -1.2900000000000000       -2.9404142580091683     
  -1.2800000000000000       -2.9392895218923338     
  -1.2700000000000000       -2.9378864509271971     
  -1.2600000000000000       -2.9362080980345877     
  -1.2500000000000000       -2.9342574834627158     
  -1.2400000000000000       -2.9320375949871758     
  -1.2300000000000000       -2.9295513881109434     
  -1.2200000000000000       -2.9268017862643747     
  -1.2100000000000000       -2.9237916810052056     
  -1.2000000000000000       -2.9205239322185514     
  -1.1899999999999999       -2.9170013683169045     
  -1.1799999999999999       -2.9132267864401351     
  -1.1699999999999999       -2.9092029526554897     
  -1.1599999999999999       -2.9049326021575901     
  -1.1499999999999999       -2.9004184394684329     
  -1.1399999999999999       -2.8956631386373881     
  -1.1299999999999999       -2.8906693434412012     
  -1.1199999999999999       -2.8854396675839844     
  -1.1099999999999999       -2.8799766948972252     
  -1.0999999999999999       -2.8742829795397817     
  -1.0899999999999999       -2.8683610461978781     
  -1.0800000000000001       -2.8622133902851115     
  -1.0700000000000001       -2.8558424781424425     
  -1.0600000000000001       -2.8492507472382007     
  -1.0500000000000000       -2.8424406063680823     
  -1.0400000000000000       -2.8354144358551485     
  -1.0300000000000000       -2.8281745877498223     
  -1.0200000000000000       -2.8207233860298930     
  -1.0100000000000000       -2.8130631268005120     
  -1.0000000000000000       -2.8051960784941912     
 -0.98999999999999977       -2.7971244820708039     
 -0.97999999999999998       -2.7888505512175836     
 -0.96999999999999975       -2.7803764725491229     
 -0.95999999999999996       -2.7717044058073732     
 -0.95000000000000018       -2.7628364840616420     
 -0.93999999999999995       -2.7537748139085929     
 -0.93000000000000016       -2.7445214756722480     
 -0.91999999999999993       -2.7350785236039816     
 -0.91000000000000014       -2.7254479860825236     
 -0.89999999999999991       -2.7156318658139553     
 -0.89000000000000012       -2.7056321400317125     
 -0.87999999999999989       -2.6954507606965787     
 -0.87000000000000011       -2.6850896546966925     
 -0.85999999999999988       -2.6745507240475384     
 -0.85000000000000009       -2.6638358460919527     
 -0.83999999999999986       -2.6529468737001158     
 -0.83000000000000007       -2.6418856354695603     
 -0.81999999999999984       -2.6306539359251588     
 -0.81000000000000005       -2.6192535557191357     
 -0.79999999999999982       -2.6076862518310544     
 -0.79000000000000004       -2.5959537577678256     
 -0.77999999999999980       -2.5840577837637011     
 -0.77000000000000002       -2.5720000169802759     
 -0.75999999999999979       -2.5597821217064824     
 -0.75000000000000000       -2.5474057395585987     
 -0.73999999999999977       -2.5348724896802373     
 -0.72999999999999998       -2.5221839689423522     
 -0.71999999999999975       -2.5093417521432340     
 -0.70999999999999996       -2.4963473922085102     
 -0.69999999999999973       -2.4832024203911418     
 -0.68999999999999995       -2.4699083464714304     
 -0.68000000000000016       -2.4564666589570057     
 -0.66999999999999993       -2.4428788252828331     
 -0.66000000000000014       -2.4291462920112141     
 -0.64999999999999991       -2.4152704850317734     
 -0.64000000000000012       -2.4012528097614751     
 -0.62999999999999989       -2.3870946513446065     
 -0.62000000000000011       -2.3727973748527886     
 -0.60999999999999988       -2.3583623254849675     
 -0.60000000000000009       -2.3437908287674190     
 -0.58999999999999986       -2.3290841907537416     
 -0.58000000000000007       -2.3142436982248649     
 -0.56999999999999984       -2.2992706188890364     
 -0.56000000000000005       -2.2841662015818329     
 -0.54999999999999982       -2.2689316764661509     
 -0.54000000000000004       -2.2535682552322127     
 -0.52999999999999980       -2.2380771312975569     
 -0.52000000000000002       -2.2224594800070472     
 -0.50999999999999979       -2.2067164588328616     
 -0.50000000000000000       -2.1908492075745016     
 -0.48999999999999977       -2.1748588485587836     
 -0.47999999999999998       -2.1587464868398434     
 -0.46999999999999975       -2.1425132103991302     
 -0.45999999999999996       -2.1261600903454094     
 -0.44999999999999973       -2.1096881811147612     
 -0.43999999999999995       -2.0930985206705790     
 -0.43000000000000016       -2.0763921307035682     
 -0.41999999999999993       -2.0595700168317466     
 -0.41000000000000014       -2.0426331688004438     
 -0.39999999999999991       -2.0255825606822966     
 -0.39000000000000012       -2.0084191510772547     
 -0.37999999999999989       -1.9911438833125721     
 -0.37000000000000011       -1.9737576856428138     
 -0.35999999999999988       -1.9562614714498487     
 -0.35000000000000009       -1.9386561394428545     
 -0.33999999999999986       -1.9209425738583097     
 -0.33000000000000007       -1.9031216446600006     
 -0.31999999999999984       -1.8851942077390136     
 -0.31000000000000005       -1.8671611051137398     
 -0.29999999999999982       -1.8490231651298696     
 -0.29000000000000004       -1.8307812026603969     
 -0.27999999999999980       -1.8124360193056110     
 -0.27000000000000002       -1.7939884035931049     
 -0.25999999999999979       -1.7754391311777651     
 -0.25000000000000000       -1.7567889650417783     
 -0.23999999999999977       -1.7380386556946255     
 -0.22999999999999998       -1.7191889413730850     
 -0.21999999999999975       -1.7002405482412277     
 -0.20999999999999996       -1.6811941905904197     
 -0.19999999999999973       -1.6620505710393183     
 -0.18999999999999995       -1.6428103807338752     
 -0.18000000000000016       -1.6234742995473306     
 -0.16999999999999993       -1.6040429962802154     
 -0.16000000000000014       -1.5845171288603517     
 -0.14999999999999991       -1.5648973445428476     
 -0.14000000000000012       -1.5451842801101014     
 -0.12999999999999989       -1.5253785620717950     
 -0.12000000000000011       -1.5054808068648997     
 -0.10999999999999988       -1.4854916210536691     
 -0.10000000000000009       -1.4654116015296432     
  -8.9999999999999858E-002  -1.4452413357116423     
  -8.0000000000000071E-002  -1.4249814017457738     
  -6.9999999999999840E-002  -1.4046323687054210     
  -6.0000000000000053E-002  -1.3841947967912527     
  -4.9999999999999822E-002  -1.3636692375312149     
  -4.0000000000000036E-002  -1.3430562339805345     
  -2.9999999999999805E-002  -1.3223563209217144     
  -2.0000000000000018E-002  -1.3015700250645372     
  -9.9999999999997868E-003  -1.2806978652460590     
   0.0000000000000000       -1.2597403526306152     
   1.0000000000000231E-002  -1.2386979909098119     
   2.0000000000000018E-002  -1.2175712765025326     
   3.0000000000000249E-002  -1.1963606987549309     
   4.0000000000000036E-002  -1.1750667401404351     
   5.0000000000000266E-002  -1.1536898764597421     
   6.0000000000000053E-002  -1.1322305770408223     
   7.0000000000000284E-002  -1.1106893049389119     
   8.0000000000000071E-002  -1.0890665171365201     
   8.9999999999999858E-002  -1.0673626647434209     
  0.10000000000000009       -1.0455781931966539     
  0.10999999999999988       -1.0237135424605301     
  0.12000000000000011       -1.0017691472266206     
  0.12999999999999989      -0.97974543711376372     
  0.14000000000000012      -0.95764283686805951     
  0.14999999999999991      -0.93546176656287316     
  0.16000000000000014      -0.91320264179882771     
  0.16999999999999993      -0.89086587390381233     
  0.18000000000000016      -0.86845187013297076     
  0.18999999999999995      -0.84596103386871069     
  0.20000000000000018      -0.82339376482069460     
  0.20999999999999996      -0.80075045922584531     
  0.22000000000000020      -0.77803151004833926     
  0.22999999999999998      -0.75523730717961235     
  0.24000000000000021      -0.73236823763835102     
  0.25000000000000000      -0.70942468577050022     
  0.26000000000000023      -0.68640703344925402     
  0.27000000000000002      -0.66331566027506261     
  0.28000000000000025      -0.64015094377562365     
  0.29000000000000004      -0.61691325960588972     
  0.30000000000000027      -0.59360298174805881     
  0.31000000000000005      -0.57022048271158177     
  0.32000000000000028      -0.54676613373315364     
  0.33000000000000007      -0.52324030497672058     
  0.33999999999999986      -0.49964336573347196     
  0.35000000000000009      -0.47597568462184264     
  0.35999999999999988      -0.45223762978751497     
  0.37000000000000011      -0.42842956910341107     
  0.37999999999999989      -0.40455187036970014     
  0.39000000000000012      -0.38060490151378873     
  0.39999999999999991      -0.35658903079032916     
  0.41000000000000014      -0.33250462698120964     
  0.41999999999999993      -0.30835205959556217     
  0.43000000000000016      -0.28413169906975261     
  0.43999999999999995      -0.25984391696738918     
  0.45000000000000018      -0.23548908617931255     
  0.45999999999999996      -0.21106758112360360     
  0.47000000000000020      -0.18657977794557379     
  0.47999999999999998      -0.16202605471777354     
  0.49000000000000021      -0.13740679163998187     
  0.50000000000000000      -0.11272237123921514     
  0.51000000000000023       -8.7973178569716690E-002
  0.52000000000000002       -6.3159601412964714E-002
  0.53000000000000025       -3.8282030477663868E-002
  0.54000000000000004       -1.3340859599751374E-002
  0.55000000000000027        1.1663514057611549E-002
  0.56000000000000005        3.6730689804031456E-002
  0.57000000000000028        6.1860263221893516E-002
  0.58000000000000007        8.7051825966352192E-002
  0.58999999999999986       0.11230496556534099     
  0.60000000000000009       0.13761926521956952     
  0.60999999999999988       0.16299430360252057     
  0.62000000000000011       0.18842965466045955     
  0.62999999999999989       0.21392488741242652     
  0.64000000000000012       0.23947956575024448     
  0.64999999999999991       0.26509324823851316     
  0.66000000000000014       0.29076548791461820     
  0.66999999999999993       0.31649583208872201     
  0.68000000000000016       0.34228382214377551     
  0.68999999999999995       0.36812899333550803     
  0.70000000000000018       0.39403087459243874     
  0.70999999999999996       0.41998898831586806     
  0.72000000000000020       0.44600285017988639     
  0.72999999999999998       0.47207196893136782     
  0.74000000000000021       0.49819584618997925     
  0.75000000000000000       0.52437397624817095     
  0.76000000000000023       0.55060584587118866     
  0.77000000000000002       0.57689093409706416     
  0.78000000000000025       0.60322871203662487     
  0.79000000000000004       0.62961864267348677     
  0.80000000000000027       0.65606018066406324     
  0.81000000000000005       0.68255277213755738     
  0.82000000000000028       0.70909585449597234     
  0.83000000000000007       0.73568885621410163     
  0.83999999999999986       0.76233119663954019     
  0.85000000000000009       0.78902228579267997     
  0.85999999999999988       0.81576152416670777     
  0.87000000000000011       0.84254830252761459     
  0.87999999999999989       0.86938200171418745     
  0.89000000000000012       0.89626199243801807     
  0.89999999999999991       0.92318763508349622     
  0.91000000000000014       0.95015827950781939     
  0.91999999999999993       0.97717326484098310     
  0.93000000000000016        1.0042319192857931     
  0.93999999999999995        1.0313335599178552     
  0.95000000000000018        1.0584774924855860     
  0.95999999999999996        1.0856630112102048     
  0.97000000000000020        1.1128893985857444     
  0.97999999999999998        1.1401559251790403     
  0.99000000000000021        1.1674618494297426     
   1.0000000000000000        1.1948064174503088     
   1.0099999999999998        1.2221888628260096     
   1.0200000000000005        1.2496084064149293     
   1.0300000000000002        1.2770642561479595     
   1.0400000000000000        1.3045556068288120     
   1.0499999999999998        1.3320816399340103     
   1.0600000000000005        1.3596415234128982     
   1.0700000000000003        1.3872344114876274     
   1.0800000000000001        1.4148594444531735     
   1.0899999999999999        1.4425157484773303     
   1.0999999999999996        1.4702024354007086     
   1.1100000000000003        1.4979186025367426     
   1.1200000000000001        1.5256633324716797     
   1.1299999999999999        1.5534356928645976     
   1.1399999999999997        1.5812347362473922     
   1.1500000000000004        1.6090594998247871     
   1.1600000000000001        1.6369090052743220     
   1.1699999999999999        1.6647822585463690     
   1.1799999999999997        1.6926782496641239     
   1.1900000000000004        1.7205959525236125     
   1.2000000000000002        1.7485343246936804     
   1.2100000000000000        1.7764923072160093     
   1.2199999999999998        1.8044688244051086     
   1.2300000000000004        1.8324627836483192     
   1.2400000000000002        1.8604730752058061     
   1.2500000000000000        1.8884985720105760     
   1.2599999999999998        1.9165381294684631     
   1.2700000000000005        1.9445905852581395     
   1.2800000000000002        1.9726547591311043     
   1.2900000000000000        2.0007294527116990     
   1.2999999999999998        2.0288134492970995     
   1.3100000000000005        2.0569055136573220     
   1.3200000000000003        2.0850043918352128     
   1.3300000000000001        2.1131088109464637     
   1.3399999999999999        2.1412174789796050     
   1.3500000000000005        2.1693290845960100     
   1.3600000000000003        2.1974422969298870     
   1.3700000000000001        2.2255557653882918     
   1.3799999999999999        2.2536681194511230     
   1.3899999999999997        2.2817779684711224     
   1.4000000000000004        2.3098839014738806     
   1.4100000000000001        2.3379844869578252     
   1.4199999999999999        2.3660782726942378     
   1.4299999999999997        2.3941637855272462     
   1.4400000000000004        2.4222395311738296     
   1.4500000000000002        2.4503039940238067     
   1.4600000000000000        2.4783556369398552     
   1.4699999999999998        2.5063929010575028     
   1.4800000000000004        2.5344142055851289     
   1.4900000000000002        2.5624179476039606     
   1.5000000000000000        2.5904025018680841     
   1.5099999999999998        2.6183662206044391     
   1.5200000000000005        2.6463074333128214     
   1.5300000000000002        2.6742244465658782     
   1.5400000000000000        2.7021155438091191     
   1.5499999999999998        2.7299789851609089     
   1.5600000000000005        2.7578130072124747     
   1.5700000000000003        2.7856158228278973     
   1.5800000000000001        2.8133856209441208     
   1.5899999999999999        2.8411205663709542     
   1.6000000000000005        2.8688187995910659     
   1.6100000000000003        2.8964784365599834     
   1.6200000000000001        2.9240975685061033     
   1.6299999999999999        2.9516742617306861     
   1.6399999999999997        2.9792065574078581     
   1.6500000000000004        3.0066924713846133     
   1.6600000000000001        3.0341299939808062     
   1.6699999999999999        3.0615170897891688     
   1.6799999999999997        3.0888516974752953     
   1.6900000000000004        3.1161317295776576     
   1.7000000000000002        3.1433550723075876     
   1.7100000000000000        3.1705195853492967     
   1.7199999999999998        3.1976231016598686     
   1.7300000000000004        3.2246634272692600     
   1.7400000000000002        3.2516383410802963     
   1.7500000000000000        3.2785455946686852     
   1.7599999999999998        3.3053829120830076     
   1.7700000000000005        3.3321479896447226     
   1.7800000000000002        3.3588384957481625     
   1.7900000000000000        3.3854520706605440     
   1.7999999999999998        3.4119863263219590     
   1.8100000000000005        3.4384388461453859     
   1.8200000000000003        3.4648071848166735     
   1.8300000000000001        3.4910888680945615     
   1.8399999999999999        3.5172813926106721     
   1.8500000000000005        3.5433822256695091     
   1.8600000000000003        3.5693888050484568     
   1.8700000000000001        3.5952985387977914     
   1.8799999999999999        3.6211088050406754     
   1.8899999999999997        3.6468169517731530     
   1.9000000000000004        3.6724202966641637     
   1.9100000000000001        3.6979161268555281     
   1.9199999999999999        3.7233016987619623     
   1.9299999999999997        3.7485742378710709     
   1.9400000000000004        3.7737309385433537     
   1.9500000000000002        3.7987689638121935     
   1.9600000000000000        3.8236854451838758     
   1.9699999999999998        3.8484774824375747     
   1.9800000000000004        3.8731421434253672     
   1.9900000000000002        3.8976764638722132     
   2.0000000000000000        3.9220774471759796     
   2.0099999999999998        3.9463420642074278     
   2.0200000000000005        3.9704672531102188     
   2.0300000000000002        3.9944499191009064     
   2.0400000000000000        4.0182869342689536     
   2.0499999999999998        4.0419751373767205     
   2.0600000000000005        4.0655113336594706     
   2.0700000000000003        4.0888922946253627     
   2.0800000000000001        4.1121147578554691     
   2.0899999999999999        4.1351754268037615     
   2.1000000000000005        4.1580709705971195     
   2.1100000000000003        4.1807980238353233     
   2.1200000000000001        4.2033531863910669     
   2.1299999999999999        4.2257330232099477     
   2.1399999999999997        4.2479340641104750     
   2.1500000000000004        4.2699528035840677     
   2.1600000000000001        4.2917857005950459     
   2.1699999999999999        4.3134291783806580     
   2.1799999999999997        4.3348796242510490     
   2.1900000000000004        4.3561333893892877     
   2.2000000000000002        4.3771867886513469     
   2.2100000000000000        4.3980361003661246     
   2.2199999999999998        4.4186775661354254     
   2.2300000000000004        4.4391073906339802     
   2.2400000000000002        4.4593217414094237     
   2.2500000000000000        4.4793167486823222     
   2.2599999999999998        4.4990885051461538     
   2.2700000000000005        4.5186330657673190     
   2.2800000000000002        4.5379464475851377     
   2.2900000000000000        4.5570246295118482     
   2.2999999999999998        4.5758635521326205     
   2.3100000000000005        4.5944591175055445     
   2.3200000000000003        4.6128071889616242     
   2.3300000000000001        4.6309035909048042     
   2.3399999999999999        4.6487441086119432     
   2.3500000000000005        4.6663244880328376     
   2.3600000000000003        4.6836404355901982     
   2.3700000000000001        4.7006876179796748     
   2.3799999999999999        4.7174616619698426     
   2.3899999999999997        4.7339581542022087     
   2.4000000000000004        4.7501726409912122     
   2.4100000000000001        4.7661006281242164     
   2.4199999999999999        4.7817375806615274     
   2.4299999999999997        4.7970789227363824     
   2.4400000000000004        4.8121200373549495     
   2.4500000000000002        4.8268562661963355     
   2.4600000000000000        4.8412829094125804     
   2.4699999999999998        4.8553952254286648     
   2.4800000000000004        4.8691884307425077     
   2.4900000000000002        4.8826576997249633     
   2.5000000000000000        4.8957981644198298     
   2.5099999999999998        4.9086049143438411     
   2.5200000000000005        4.9210729962866786     
   2.5300000000000002        4.9331974141109587     
   2.5400000000000000        4.9449731285522454     
   2.5499999999999998        4.9563950570190496     
   2.5600000000000005        4.9674580733928231     
   2.5700000000000003        4.9781570078279618     
   2.5800000000000001        4.9884866465518130     
   2.5899999999999999        4.9984417316646663     
   2.6000000000000005        5.0080169609397647     
   2.6100000000000003        5.0172069876232994     
   2.6200000000000001        5.0260064202344079     
   2.6299999999999999        5.0344098223651832     
   2.6399999999999997        5.0424117124806678     
   2.6500000000000004        5.0500065637188554     
   2.6600000000000001        5.0571888036906980     
   2.6699999999999999        5.0639528142800962     
   2.6799999999999997        5.0702929314439116     
   2.6900000000000004        5.0762034450119575     
   2.7000000000000002        5.0816785984870041     
   2.7100000000000000        5.0867125888447848     
   2.7199999999999998        5.0912995663339835     
   2.7300000000000004        5.0954336342762527     
   2.7400000000000002        5.0991088488661971     
   2.7500000000000000        5.1023192189713882     
   2.7599999999999998        5.1050587059323567     
   2.7700000000000005        5.1073212233625984     
   2.7800000000000002        5.1091006369485719     
   2.7900000000000000        5.1103907642496980     
   2.7999999999999998        5.1111853744983673     
   2.8100000000000005        5.1114781883999365     
   2.8200000000000003        5.1112628779327274     
   2.8300000000000001        5.1105330661480295     
   2.8399999999999999        5.1092823269701038     
   2.8500000000000005        5.1075041849961789     
   2.8600000000000003        5.1051921152964574     
   2.8700000000000001        5.1023395432141125     
   2.8799999999999999        5.0989398441652822     
   2.8899999999999997        5.0949863434390927     
   2.9000000000000004        5.0904723159976299     
   2.9100000000000001        5.0853909862759643     
   2.9199999999999999        5.0797355279821383     
   2.9299999999999997        5.0734990638971720     
   2.9400000000000004        5.0666746656750608     
   2.9500000000000002        5.0592553536427864     
   2.9600000000000000        5.0512340966002967     
   2.9699999999999998        5.0426038116205305     
   2.9800000000000004        5.0333573638494080     
   2.9900000000000002        5.0234875663058229     
   3.0000000000000000        5.0129871796816587     
