   0.0000000000000000        1.3179332030283408E-002
   2.9000000000000005E-002   1.3428419811638368E-002
   5.8000000000000010E-002   1.3698294369193493E-002
   8.7000000000000022E-002   1.3992275616263995E-002
  0.11600000000000002        1.4314322641075104E-002
  0.14500000000000002        1.4669132400869599E-002
  0.17400000000000004        1.5062242690722434E-002
  0.20300000000000004        1.5500138076637984E-002
  0.23200000000000004        1.5990357537910758E-002
  0.26100000000000007        1.6541602619157835E-002
  0.29000000000000004        1.7163844947848658E-002
  0.31900000000000006        1.7868432028532819E-002
  0.34800000000000009        1.8668190280266561E-002
  0.37700000000000006        1.9577524338931330E-002
  0.40600000000000008        2.0612511701191862E-002
  0.43500000000000005        2.1790991841721737E-002
  0.46400000000000008        2.3132648990002766E-002
  0.49300000000000010        2.4659087807444115E-002
  0.52200000000000013        2.6393901259739609E-002
  0.55100000000000005        2.8362730033251744E-002
  0.58000000000000007        3.0593312897747492E-002
  0.60900000000000010        3.3115527470981836E-002
  0.63800000000000012        3.5961420893397322E-002
  0.66700000000000015        3.9165229973549466E-002
  0.69600000000000017        4.2763390416745893E-002
  0.72500000000000009        4.6794534800770712E-002
  0.75400000000000011        5.1299479013420517E-002
  0.78300000000000014        5.6321196916872977E-002
  0.81200000000000017        6.1904783053612390E-002
  0.84100000000000019        6.8097403257713240E-002
  0.87000000000000011        7.4948233083703589E-002
  0.89900000000000013        8.2508384012960984E-002
  0.92800000000000016        9.0830817444602002E-002
  0.95700000000000018        9.9970246524080847E-002
  0.98600000000000021       0.10998302590818151     
   1.0150000000000001       0.12092702960973453     
   1.0440000000000003       0.13286151710918917     
   1.0730000000000002       0.14584698796308312     
   1.1020000000000001       0.15994502518145209     
   1.1310000000000002       0.17521812768726769     
   1.1600000000000001       0.19172953221106237     
   1.1890000000000003       0.20954302501295549     
   1.2180000000000002       0.22872274386230132     
   1.2470000000000001       0.24933297074211627     
   1.2760000000000002       0.27143791578125820     
   1.3050000000000002       0.29510149295201465     
   1.3340000000000003       0.32038708810425864     
   1.3630000000000002       0.34735731993962521     
   1.3920000000000003       0.37607379456022377     
   1.4210000000000003       0.40659685425617920     
   1.4500000000000002       0.43898532122478484     
   1.4790000000000003       0.47329623694118178     
   1.5080000000000002       0.50958459792626432     
   1.5370000000000004       0.54790308868188231     
   1.5660000000000003       0.58830181258634062     
   1.5950000000000002       0.63082802156469020     
   1.6240000000000003       0.67552584536825067     
   1.6530000000000002       0.72243602131627982     
   1.6820000000000004       0.77159562536956061     
   1.7110000000000003       0.82303780542097360     
   1.7400000000000002       0.87679151770177988     
   1.7690000000000003       0.93288126721432862     
   1.7980000000000003       0.99132685311221624     
   1.8270000000000004        1.0521431199574971     
   1.8560000000000003        1.1153397157913718     
   1.8850000000000002        1.1809208579598054     
   1.9140000000000004        1.2488851076387391     
   1.9430000000000003        1.3192251540049234     
   1.9720000000000004        1.3919276089978561     
   2.0010000000000003        1.4669728136158582     
   2.0300000000000002        1.5443346566849434     
   2.0590000000000002        1.6239804070326962     
   2.0880000000000005        1.7058705599910524     
   2.1170000000000004        1.7899586991413241     
   2.1460000000000004        1.8761913742023990     
   2.1750000000000003        1.9645079959482588     
   2.2040000000000002        2.0548407490243212     
   2.2330000000000005        2.1471145235129940     
   2.2620000000000005        2.2412468660777831     
   2.2910000000000004        2.3371479514917701     
   2.3200000000000003        2.4347205753306409     
   2.3490000000000002        2.5338601685824163     
   2.3780000000000006        2.6344548348957053     
   2.4070000000000005        2.7363854111555366     
   2.4360000000000004        2.8395255520408367     
   2.4650000000000003        2.9437418391798453     
   2.4940000000000002        3.0488939154799559     
   2.5230000000000006        3.1548346451658218     
   2.5520000000000005        3.2614103000144490     
   2.5810000000000004        3.3684607722286053     
   2.6100000000000003        3.4758198143392844     
   2.6390000000000002        3.5833153064754941     
   2.6680000000000006        3.6907695512837928     
   2.6970000000000005        3.7979995967219988     
   2.7260000000000004        3.9048175868904287     
   2.7550000000000003        4.0110311410003678     
   2.7840000000000007        4.1164437605129542     
   2.8130000000000006        4.2208552644123500     
   2.8420000000000005        4.3240622525048975     
   2.8710000000000004        4.4258585965608557     
   2.9000000000000004        4.5260359590372810     
   2.9290000000000007        4.6243843390399011     
   2.9580000000000006        4.7206926450974276     
   2.9870000000000005        4.8147492942353987     
   3.0160000000000005        4.9063428367461457     
   3.0450000000000004        4.9952626059584713     
   3.0740000000000007        5.0812993922148317     
   3.1030000000000006        5.1642461401638053     
   3.1320000000000006        5.2438986683736344     
   3.1610000000000005        5.3200564101666394     
   3.1900000000000004        5.3925231744651869     
   3.2190000000000007        5.4611079253280899     
   3.2480000000000007        5.5256255787400557     
   3.2770000000000006        5.5858978150985230     
   3.3060000000000005        5.6417539057193666     
   3.3350000000000004        5.6930315515578958     
   3.3640000000000008        5.7395777322115080     
   3.3930000000000007        5.7812495631387151     
   3.4220000000000006        5.8179151588924896     
   3.4510000000000005        5.8494545000263178     
   3.4800000000000004        5.8757603011883992     
   3.5090000000000008        5.8967388777722025     
   3.5380000000000007        5.9123110083414856     
   3.5670000000000006        5.9224127898934027     
   3.5960000000000005        5.9269964828657784     
   3.6250000000000004        5.9260313426328040     
   3.6540000000000008        5.9195044340685730     
   3.6830000000000007        5.9074214255878630     
   3.7120000000000006        5.8898073589014626     
   3.7410000000000005        5.8667073905465852     
   3.7700000000000005        5.8381875010706636     
   3.7990000000000008        5.8043351675648651     
   3.8280000000000007        5.7652599950525545     
   3.8570000000000007        5.7210943020462501     
   3.8860000000000006        5.6719936553913506     
   3.9150000000000005        5.6181373493113362     
   3.9440000000000008        5.5597288233675570     
   3.9730000000000008        5.4969960138354459     
   4.0020000000000007        5.4301916327876896     
   4.0310000000000006        5.3595933689561122     
   4.0600000000000005        5.2855040042238635     
   4.0890000000000004        5.2082514393740844     
   4.1180000000000003        5.1281886224889348     
   4.1470000000000011        5.0456933731620097     
   4.1760000000000010        4.9611680954455935     
   4.2050000000000010        4.8750393722131662     
   4.2340000000000009        4.7877574333695918     
   4.2630000000000008        4.6997954900877872     
   4.2920000000000007        4.6116489269990595     
   4.3210000000000006        4.5238343439973008     
   4.3500000000000005        4.4368884390572347     
   4.3790000000000004        4.3513667231935784     
   4.4080000000000004        4.2678420584150771     
   4.4370000000000012        4.1869030092470538     
   4.4660000000000011        4.1091519981151947     
   4.4950000000000010        4.0352032545882821     
   4.5240000000000009        3.9656805481930775     
   4.5530000000000008        3.9012146942097843     
   4.5820000000000007        3.8424408215545753     
   4.6110000000000007        3.7899953915520399     
   4.6400000000000006        3.7445129560828718     
   4.6690000000000005        3.7066226432789904     
   4.6980000000000004        3.6769443586109531     
   4.7270000000000012        3.6560846888907008     
   4.7560000000000011        3.6446324963762748     
   4.7850000000000010        3.6431541898294597     
   4.8140000000000009        3.6521886590361987     
   4.8430000000000009        3.6722418589485244     
   4.8720000000000008        3.7037810292541167     
   4.9010000000000007        3.7472285348335959     
   4.9300000000000006        3.8029553121788524     
   4.9590000000000005        3.8712739065040580     
   4.9880000000000004        3.9524310838889392     
   5.0170000000000012        4.0466000024225366     
   5.0460000000000012        4.1538719259302752     
   5.0750000000000011        4.2742474634801226     
   5.1040000000000010        4.4076273174669325     
   5.1330000000000009        4.5538025226674677     
   5.1620000000000008        4.7124441582682834     
   5.1910000000000007        4.8830925144450816     
   5.2200000000000006        5.0651456946534950     
   5.2490000000000006        5.2578476343855414     
   5.2780000000000005        5.4602755166984025     
   5.3070000000000013        5.6713265643989530     
   5.3360000000000012        5.8897041883336101     
   5.3650000000000011        6.1139034707748579     
   5.3940000000000010        6.3421959624565716     
   5.4230000000000009        6.5726137713477897     
   5.4520000000000008        6.8029329207982983     
   5.4810000000000008        7.0306559542194691     
   5.5100000000000007        7.2529937629833512     
   5.5390000000000006        7.4668466137533187     
   5.5680000000000014        7.6687843509803315     
   5.5970000000000013        7.8550257497729490     
   5.6260000000000012        8.0214169939118847     
   5.6550000000000011        8.1634092532088971     
   5.6840000000000011        8.2760353339588164     
   5.7130000000000010        8.3538853756767821     
   5.7420000000000009        8.3910815668174337     
   5.7710000000000008        8.3812518516324417     
   5.8000000000000007        8.3175025997945795     
